True_LogN	Predicted_LogN	True_Tex
13.4000	13.3660	290.0000
18.8000	18.8000	180.0000
16.7000	16.6860	125.0000
12.8000	12.7269	25.0000
12.7000	12.6660	275.0000
19.2000	19.2030	90.0000
16.9000	16.9040	45.0000
17.8000	17.8020	335.0000
16.7000	16.7090	40.0000
17.9000	17.9030	215.0000
12.8000	12.7920	110.0000
17.1000	17.0800	125.0000
15.2000	15.1780	240.0000
16.4000	16.3980	170.0000
12.5000	12.3710	105.0000
12.6000	12.4020	105.0000
15.2000	15.2440	40.0000
18.6000	18.6090	320.0000
15.3000	15.2980	200.0000
12.1000	12.5030	340.0000
13.6000	13.4750	260.0000
17.5000	17.5010	150.0000
19.1000	19.1010	115.0000
12.0000	12.3870	40.0000
16.6000	16.5810	145.0000
14.3000	14.3150	100.0000
17.0000	16.9950	165.0000
17.8000	17.8020	175.0000
17.7000	17.7230	105.0000
18.3000	18.2980	345.0000
18.2000	18.2310	345.0000
13.5000	13.4610	240.0000
13.5000	13.4190	160.0000
14.8000	14.8360	250.0000
17.5000	17.5140	360.0000
12.4000	12.6070	320.0000
17.7000	17.6960	80.0000
14.8000	14.8030	135.0000
12.5000	12.7570	240.0000
16.8000	16.7940	205.0000
13.7000	13.6940	35.0000
13.8000	13.7870	80.0000
19.2000	19.2000	290.0000
16.4000	16.4000	330.0000
14.6000	14.5990	140.0000
16.0000	16.0280	75.0000
19.0000	18.9990	345.0000
13.6000	13.3370	235.0000
17.5000	17.5050	310.0000
15.5000	15.5000	125.0000
17.1000	17.1090	35.0000
13.0000	13.1200	230.0000
17.1000	17.0840	120.0000
17.9000	17.9030	205.0000
12.4000	12.7510	265.0000
16.7000	16.7020	45.0000
12.7000	12.5730	65.0000
15.6000	15.5850	65.0000
17.4000	17.3990	155.0000
18.4000	18.4060	70.0000
18.7000	18.7000	285.0000
16.0000	16.0000	320.0000
18.2000	18.2020	55.0000
19.2000	19.2010	175.0000
14.4000	14.2230	340.0000
12.7000	12.9820	360.0000
14.4000	14.4280	205.0000
12.2000	12.2510	75.0000
17.0000	16.9980	200.0000
18.8000	18.8260	290.0000
14.6000	14.6310	195.0000
17.0000	16.9850	190.0000
12.8000	13.1250	275.0000
13.0000	12.8740	75.0000
16.1000	16.1580	200.0000
14.5000	14.5300	235.0000
17.6000	17.5960	235.0000
18.3000	18.3020	300.0000
16.4000	16.4120	240.0000
17.5000	17.4840	20.0000
14.9000	14.9410	100.0000
13.5000	13.5240	35.0000
17.1000	17.0810	130.0000
14.6000	14.6460	90.0000
15.6000	15.6130	170.0000
15.1000	15.0670	315.0000
12.6000	12.6730	200.0000
15.8000	15.8000	260.0000
12.6000	12.5590	135.0000
14.4000	14.3110	325.0000
18.7000	18.7330	345.0000
16.6000	16.5870	120.0000
18.5000	18.5010	115.0000
16.7000	16.6960	20.0000
18.4000	18.3030	30.0000
15.9000	15.9000	300.0000
17.6000	17.5830	60.0000
15.6000	15.6000	250.0000
14.7000	14.5610	350.0000
13.8000	13.7930	110.0000
14.9000	14.8720	295.0000
18.0000	18.0130	150.0000
18.0000	18.0050	325.0000
14.7000	14.7000	165.0000
13.5000	13.5300	20.0000
16.5000	16.4620	55.0000
16.8000	16.7940	185.0000
13.8000	13.8830	205.0000
15.4000	15.4710	75.0000
17.5000	17.4950	180.0000
12.2000	12.3830	40.0000
13.3000	13.3410	235.0000
17.0000	16.9990	305.0000
18.0000	17.9990	215.0000
17.7000	17.7000	350.0000
15.2000	15.2360	105.0000
12.2000	12.2680	115.0000
13.5000	13.4060	115.0000
12.0000	12.3130	345.0000
12.8000	12.7540	170.0000
18.4000	18.3870	40.0000
17.7000	17.6980	310.0000
17.6000	17.5790	355.0000
12.9000	13.0370	245.0000
12.1000	12.5010	230.0000
14.4000	14.4000	90.0000
13.9000	13.9370	50.0000
14.3000	14.2630	35.0000
12.0000	12.2360	305.0000
18.6000	18.6030	95.0000
18.8000	18.8010	155.0000
12.2000	12.3150	290.0000
13.1000	13.1520	330.0000
14.3000	14.2980	170.0000
18.7000	18.6710	235.0000
18.5000	18.5080	100.0000
14.9000	14.9270	55.0000
12.6000	12.4700	320.0000
14.8000	14.6550	320.0000
17.2000	17.1960	155.0000
12.0000	12.4080	355.0000
15.7000	15.6970	290.0000
18.1000	18.1000	135.0000
18.0000	18.0040	195.0000
15.9000	15.8620	90.0000
14.4000	14.4220	80.0000
13.2000	13.3120	350.0000
14.7000	14.6170	255.0000
17.2000	17.1930	255.0000
12.4000	12.3570	50.0000
14.9000	14.8770	195.0000
15.5000	15.4800	300.0000
15.1000	15.0890	180.0000
14.8000	14.8210	290.0000
13.9000	13.9340	20.0000
17.5000	17.4910	195.0000
12.4000	12.6250	200.0000
12.5000	12.7830	255.0000
12.3000	12.3830	110.0000
18.4000	18.3700	285.0000
15.3000	15.2520	100.0000
13.3000	13.4260	25.0000
13.1000	13.0070	235.0000
18.6000	18.5940	255.0000
13.7000	13.7500	315.0000
13.4000	13.3760	275.0000
14.6000	14.4820	315.0000
17.2000	17.2030	290.0000
16.9000	16.9030	30.0000
13.6000	13.4550	285.0000
16.1000	16.0880	125.0000
14.5000	14.4990	170.0000
17.5000	17.5060	140.0000
18.5000	18.5000	265.0000
19.3000	19.2960	120.0000
12.3000	12.3265	35.0000
15.0000	15.0060	135.0000
18.1000	18.1000	180.0000
12.6000	12.9410	345.0000
12.8000	13.1080	355.0000
18.8000	18.8180	35.0000
12.9000	13.1040	230.0000
12.9000	12.8676	55.0000
15.7000	15.6980	350.0000
13.3000	13.2370	90.0000
12.5000	12.6010	175.0000
17.4000	17.4070	115.0000
16.0000	16.0000	305.0000
14.5000	14.4840	295.0000
16.0000	16.0090	350.0000
15.5000	15.4950	165.0000
18.5000	18.4990	170.0000
12.9000	12.9460	240.0000
17.0000	17.0100	335.0000
12.9000	13.1390	325.0000
19.4000	19.3940	360.0000
12.1000	12.5010	345.0000
16.4000	16.4460	25.0000
14.1000	14.0400	315.0000
17.1000	17.1120	75.0000
13.1000	13.0880	210.0000
13.4000	13.3020	115.0000
16.0000	16.0000	295.0000
16.8000	16.8000	240.0000
12.8000	12.6550	80.0000
12.3000	12.3910	45.0000
13.8000	13.6210	300.0000
18.7000	18.7010	145.0000
13.4000	13.3340	65.0000
17.2000	17.2130	40.0000
13.2000	13.2200	230.0000
16.7000	16.6880	130.0000
16.2000	16.1810	140.0000
12.7000	12.6360	90.0000
12.6000	12.6500	360.0000
19.0000	19.0000	215.0000
13.8000	13.8350	22.5000
17.0000	16.9970	45.0000
17.9000	17.8980	245.0000
13.8000	13.7950	320.0000
12.4000	12.4989	45.0000
16.8000	16.8760	360.0000
18.5000	18.4870	310.0000
14.2000	14.1970	130.0000
15.6000	15.6310	205.0000
13.7000	13.6800	110.0000
13.0000	12.9130	105.0000
13.9000	13.9180	85.0000
16.5000	16.5100	260.0000
12.7000	12.6050	145.0000
18.4000	18.4040	135.0000
16.4000	16.3900	150.0000
15.5000	15.4870	230.0000
12.8000	12.9410	235.0000
19.2000	19.2000	330.0000
12.3000	12.2410	150.0000
15.3000	15.2720	80.0000
17.8000	17.8010	310.0000
17.6000	17.5820	65.0000
16.2000	16.2130	345.0000
15.1000	15.0220	105.0000
18.7000	18.7020	70.0000
14.3000	14.2740	30.0000
16.5000	16.5230	50.0000
17.8000	17.7870	295.0000
18.1000	18.0870	280.0000
18.9000	18.9000	190.0000
13.5000	13.4380	180.0000
17.8000	17.7990	260.0000
13.9000	13.8990	60.0000
18.5000	18.5070	65.0000
18.0000	17.9980	50.0000
14.3000	14.2970	195.0000
19.2000	19.2010	165.0000
12.9000	12.7960	100.0000
16.0000	16.0150	35.0000
16.6000	16.5950	290.0000
12.9000	12.7330	195.0000
12.9000	12.7080	145.0000
13.1000	13.0080	85.0000
18.2000	18.2010	215.0000
12.0000	12.1520	245.0000
18.9000	18.9000	95.0000
15.3000	15.3400	120.0000
14.5000	14.4720	35.0000
14.9000	14.9080	110.0000
19.4000	19.4000	165.0000
14.7000	14.6050	320.0000
16.3000	16.3080	205.0000
15.2000	15.2240	200.0000
18.7000	18.6660	45.0000
17.9000	17.9000	275.0000
19.4000	19.4000	135.0000
15.1000	15.0660	250.0000
12.3000	12.7420	295.0000
12.2000	12.3830	250.0000
17.9000	17.9180	65.0000
16.9000	16.8890	145.0000
16.6000	16.5930	295.0000
14.6000	14.5870	160.0000
14.0000	13.8830	340.0000
18.1000	18.0920	150.0000
15.2000	15.1860	295.0000
12.0000	12.6510	350.0000
15.3000	15.3530	60.0000
16.6000	16.6040	50.0000
17.5000	17.5000	265.0000
17.5000	17.4960	205.0000
18.4000	18.3780	200.0000
17.3000	17.2990	70.0000
12.7000	13.1010	305.0000
14.3000	14.2830	25.0000
19.0000	19.0000	295.0000
18.6000	18.6020	330.0000
16.7000	16.6750	185.0000
15.3000	15.3070	245.0000
14.1000	14.0860	130.0000
14.0000	14.0160	185.0000
13.3000	13.2240	280.0000
17.7000	17.6920	315.0000
15.0000	15.0210	22.5000
17.5000	17.5220	130.0000
12.5000	12.8130	270.0000
17.2000	17.1940	65.0000
19.3000	19.3070	295.0000
12.9000	12.7170	80.0000
17.9000	17.9020	285.0000
13.3000	13.4330	330.0000
15.6000	15.5880	350.0000
15.5000	15.5060	305.0000
14.1000	14.1240	70.0000
14.9000	14.8970	115.0000
16.0000	16.0050	215.0000
19.1000	19.1000	155.0000
17.5000	17.4960	255.0000
13.8000	13.9290	360.0000
19.4000	19.3960	70.0000
16.4000	16.4310	185.0000
16.1000	16.1040	345.0000
18.9000	18.9000	225.0000
17.2000	17.2050	315.0000
17.9000	17.9210	165.0000
12.0000	12.2070	290.0000
15.7000	15.6980	345.0000
17.1000	17.1010	335.0000
16.9000	16.9070	110.0000
13.3000	13.2090	135.0000
13.6000	13.5280	145.0000
19.3000	19.2910	55.0000
17.6000	17.5890	245.0000
12.7000	12.9310	235.0000
13.4000	13.4200	350.0000
18.8000	18.8210	360.0000
18.9000	18.9000	200.0000
12.2000	12.3500	145.0000
13.6000	13.4810	265.0000
17.0000	16.9930	175.0000
13.1000	13.0010	60.0000
16.2000	16.1970	205.0000
12.3000	12.4660	190.0000
15.3000	15.3110	240.0000
16.6000	16.5700	170.0000
13.9000	13.8960	135.0000
17.1000	17.0880	22.5000
16.4000	16.4210	180.0000
17.9000	17.8990	270.0000
18.9000	18.9000	245.0000
18.7000	18.7690	360.0000
13.9000	14.0550	210.0000
17.1000	17.0970	275.0000
12.4000	12.3770	115.0000
15.9000	15.8480	80.0000
16.1000	16.1380	360.0000
18.1000	18.1040	55.0000
12.5000	12.3820	305.0000
13.9000	13.6360	245.0000
16.9000	16.8670	55.0000
18.7000	18.6870	55.0000
18.4000	18.4040	315.0000
15.6000	15.6260	135.0000
15.3000	15.2840	305.0000
14.3000	14.3080	115.0000
15.4000	15.4080	280.0000
13.5000	13.4610	345.0000
16.5000	16.5030	340.0000
14.5000	14.4770	230.0000
19.1000	19.1000	295.0000
18.7000	18.6980	30.0000
13.4000	13.3630	200.0000
14.0000	13.9680	235.0000
18.8000	18.6970	20.0000
14.9000	14.8860	315.0000
17.9000	17.9160	70.0000
17.1000	17.0960	255.0000
14.0000	14.0980	210.0000
19.3000	19.1560	20.0000
13.0000	12.9900	240.0000
13.0000	12.8750	180.0000
13.1000	13.0011	35.0000
14.9000	14.9670	350.0000
12.3000	12.4500	175.0000
15.4000	15.4550	205.0000
17.0000	17.0100	350.0000
12.6000	12.5850	170.0000
13.3000	13.2500	105.0000
13.0000	12.9520	250.0000
16.2000	16.2000	290.0000
16.8000	16.8270	340.0000
17.5000	17.5040	95.0000
18.9000	18.8940	265.0000
15.6000	15.5870	295.0000
15.5000	15.4980	130.0000
15.1000	15.1840	30.0000
12.5000	12.3960	155.0000
12.8000	12.7190	225.0000
18.9000	18.9000	105.0000
17.4000	17.4200	340.0000
13.5000	13.4000	120.0000
17.8000	17.8030	75.0000
12.6000	13.1450	290.0000
14.6000	14.6350	280.0000
13.6000	13.4650	290.0000
12.4000	12.3270	210.0000
14.5000	14.5100	75.0000
18.4000	18.3170	35.0000
13.0000	12.8440	345.0000
13.2000	12.7600	195.0000
13.5000	13.4550	130.0000
14.1000	14.1360	190.0000
15.1000	15.1950	205.0000
16.3000	16.2960	280.0000
12.1000	12.7410	265.0000
14.4000	14.3650	345.0000
15.8000	15.8380	200.0000
17.2000	17.1930	250.0000
13.9000	13.8950	175.0000
16.3000	16.3220	175.0000
16.6000	16.5950	270.0000
16.2000	16.2020	260.0000
16.0000	15.9940	45.0000
15.1000	15.0420	335.0000
12.4000	12.3850	55.0000
14.5000	14.5030	105.0000
13.3000	13.2710	290.0000
17.5000	17.5000	240.0000
12.8000	12.7060	160.0000
15.8000	15.8060	25.0000
17.8000	17.8010	145.0000
17.2000	17.2390	30.0000
12.6000	12.4900	205.0000
15.2000	15.1670	160.0000
18.4000	18.3970	25.0000
13.6000	13.6240	20.0000
13.8000	13.7590	130.0000
16.6000	16.5510	75.0000
12.2000	12.1750	270.0000
13.1000	13.1160	335.0000
15.4000	15.3430	105.0000
17.4000	17.4000	140.0000
17.6000	17.6030	225.0000
12.0000	12.3750	180.0000
13.7000	13.3640	355.0000
19.2000	19.2090	40.0000
15.7000	15.7320	205.0000
15.3000	15.3150	320.0000
12.6000	12.6510	245.0000
15.9000	15.9250	55.0000
16.1000	16.0790	130.0000
19.1000	19.1620	50.0000
12.3000	12.2880	210.0000
13.7000	13.6790	185.0000
12.0000	12.1890	300.0000
13.9000	13.8150	250.0000
13.8000	13.7690	125.0000
17.3000	17.2950	290.0000
13.5000	13.4350	295.0000
16.3000	16.3080	245.0000
15.6000	15.6080	145.0000
18.4000	18.3560	295.0000
17.6000	17.5930	190.0000
18.2000	18.2000	285.0000
19.4000	19.4000	215.0000
13.0000	13.1260	235.0000
12.7000	12.7130	245.0000
17.3000	17.2730	170.0000
18.7000	18.7020	295.0000
16.0000	15.9810	170.0000
18.9000	18.8990	315.0000
14.8000	14.8080	295.0000
19.2000	19.2030	115.0000
14.6000	14.5830	165.0000
19.3000	19.3000	270.0000
19.1000	19.1000	190.0000
16.4000	16.4050	75.0000
15.6000	15.6220	130.0000
12.9000	12.7890	120.0000
12.6000	12.6040	115.0000
12.7000	12.8130	270.0000
16.5000	16.5120	40.0000
14.1000	13.9860	280.0000
19.3000	19.3140	25.0000
14.6000	14.6300	200.0000
15.2000	15.2070	280.0000
16.2000	16.2010	265.0000
19.1000	19.1000	145.0000
15.3000	15.2970	175.0000
14.3000	14.1790	310.0000
12.4000	12.3890	70.0000
15.6000	15.5950	305.0000
16.5000	16.5040	330.0000
13.9000	13.8800	65.0000
13.8000	13.5650	345.0000
15.3000	15.2920	230.0000
18.6000	18.6080	290.0000
16.3000	16.2940	125.0000
17.8000	17.8080	35.0000
15.0000	15.0010	145.0000
16.9000	16.8960	280.0000
17.1000	17.0750	205.0000
19.2000	19.2000	180.0000
17.2000	17.1910	240.0000
12.0000	12.2360	270.0000
18.4000	18.4080	125.0000
16.4000	16.4020	280.0000
17.5000	17.4960	245.0000
15.1000	15.0880	160.0000
14.2000	14.0230	340.0000
16.2000	16.2010	270.0000
17.2000	17.1980	135.0000
12.9000	12.8590	215.0000
17.4000	17.4020	315.0000
18.2000	18.1960	335.0000
18.3000	18.3040	125.0000
14.4000	14.4200	190.0000
16.3000	16.2980	315.0000
19.1000	19.1000	325.0000
16.5000	16.5520	360.0000
19.4000	19.3980	105.0000
18.2000	18.2000	125.0000
13.2000	13.1230	100.0000
13.8000	13.7930	105.0000
14.5000	14.4920	50.0000
14.7000	14.7540	210.0000
17.4000	17.4000	250.0000
17.9000	17.8940	135.0000
15.5000	15.4700	210.0000
18.3000	18.3330	95.0000
17.4000	17.3950	165.0000
12.8000	12.7270	215.0000
15.6000	15.5880	345.0000
14.3000	14.3040	155.0000
13.8000	13.6990	260.0000
17.5000	17.5170	345.0000
14.7000	14.6810	335.0000
13.5000	13.3240	350.0000
18.7000	18.7030	290.0000
17.4000	17.4120	125.0000
15.5000	15.5070	180.0000
14.0000	14.0010	85.0000
14.9000	14.8920	260.0000
17.0000	16.9310	20.0000
16.4000	16.4470	22.5000
19.3000	19.2730	45.0000
13.8000	13.6790	230.0000
17.8000	17.7990	215.0000
13.7000	13.6280	340.0000
15.6000	15.6030	220.0000
14.5000	14.4790	60.0000
18.1000	18.1000	90.0000
19.4000	19.3970	75.0000
17.4000	17.4190	75.0000
15.4000	15.4060	305.0000
18.2000	18.2020	115.0000
18.0000	18.0080	70.0000
12.3000	12.2610	250.0000
18.6000	18.6000	165.0000
14.4000	14.4780	75.0000
16.2000	16.2210	350.0000
13.0000	13.0900	335.0000
14.4000	14.3980	140.0000
12.7000	12.6313	40.0000
16.7000	16.7020	345.0000
12.8000	13.0880	320.0000
18.7000	18.7000	260.0000
18.7000	18.6740	240.0000
14.1000	14.1500	210.0000
18.6000	18.5920	60.0000
15.3000	15.3200	215.0000
16.7000	16.7070	220.0000
14.4000	14.3790	230.0000
13.8000	13.6190	310.0000
13.4000	13.4360	25.0000
15.7000	15.7260	220.0000
18.1000	18.1060	70.0000
13.9000	13.6060	350.0000
18.8000	18.7980	330.0000
12.0000	12.1880	80.0000
12.3000	12.5850	290.0000
15.5000	15.4620	360.0000
14.5000	14.5370	90.0000
17.0000	16.9890	150.0000
12.0000	12.2780	325.0000
14.1000	14.1590	35.0000
15.9000	15.9140	125.0000
15.5000	15.4860	290.0000
16.1000	16.1060	240.0000
16.5000	16.5140	165.0000
15.1000	15.0960	70.0000
16.2000	16.1650	220.0000
17.3000	17.2960	280.0000
14.7000	14.7190	115.0000
15.7000	15.7060	325.0000
17.0000	16.9920	120.0000
18.5000	18.5020	255.0000
13.3000	12.9190	340.0000
12.8000	12.7120	130.0000
15.8000	15.8930	360.0000
14.0000	13.9860	45.0000
13.5000	13.4680	105.0000
17.7000	17.7020	165.0000
17.4000	17.4030	305.0000
14.6000	14.6180	100.0000
15.5000	15.4860	260.0000
15.1000	15.0270	110.0000
13.2000	13.0260	180.0000
13.8000	13.6360	250.0000
12.0000	12.2340	35.0000
16.5000	16.5060	170.0000
13.2000	13.2760	305.0000
14.0000	14.0200	180.0000
16.9000	16.8950	275.0000
15.8000	15.7730	65.0000
13.7000	13.5680	270.0000
14.7000	14.7470	50.0000
18.2000	18.2030	265.0000
12.6000	12.5310	75.0000
13.1000	12.9300	65.0000
19.2000	19.2010	320.0000
18.4000	18.4000	235.0000
17.4000	17.4010	270.0000
18.9000	18.9010	100.0000
12.0000	12.4500	190.0000
17.5000	17.5020	75.0000
17.8000	17.7870	90.0000
12.9000	12.7210	155.0000
15.4000	15.3030	25.0000
17.3000	17.3330	110.0000
14.7000	14.7210	35.0000
15.1000	15.1230	345.0000
13.6000	13.6330	210.0000
13.2000	13.0660	125.0000
17.3000	17.3060	140.0000
12.8000	12.6990	210.0000
17.1000	17.0840	170.0000
14.2000	14.2090	22.5000
16.8000	16.8050	95.0000
12.1000	12.3950	245.0000
12.8000	13.3400	325.0000
13.1000	12.9690	160.0000
19.1000	19.1010	110.0000
18.2000	18.1960	150.0000
17.3000	17.2980	150.0000
13.5000	13.4130	150.0000
12.7000	12.6830	340.0000
16.2000	16.2020	95.0000
13.0000	12.7330	195.0000
15.5000	15.4880	40.0000
12.0000	12.2860	255.0000
15.7000	15.6430	65.0000
14.7000	14.7260	110.0000
13.9000	13.9210	35.0000
14.6000	14.6140	235.0000
13.3000	13.1910	150.0000
14.6000	14.5920	150.0000
15.2000	15.2250	22.5000
14.1000	14.1030	220.0000
13.3000	13.2470	155.0000
15.0000	14.9840	235.0000
14.3000	14.3170	275.0000
15.1000	15.0310	285.0000
16.3000	16.2850	145.0000
13.4000	13.4230	40.0000
19.4000	19.4000	265.0000
13.5000	13.6110	215.0000
14.4000	14.3920	175.0000
12.6000	12.5154	30.0000
14.2000	14.2780	210.0000
18.5000	18.5020	250.0000
12.2000	12.2490	165.0000
16.1000	16.0770	55.0000
12.4000	12.4356	35.0000
13.7000	13.7170	50.0000
14.4000	14.4510	70.0000
18.9000	18.9000	240.0000
18.7000	18.7010	65.0000
15.0000	15.0040	350.0000
18.3000	18.2980	240.0000
18.9000	18.8990	110.0000
12.2000	12.2600	265.0000
18.4000	18.3910	160.0000
17.7000	17.6950	135.0000
15.3000	15.2400	95.0000
16.6000	16.5970	300.0000
16.3000	16.2990	100.0000
18.0000	17.9860	110.0000
13.5000	13.4610	90.0000
17.4000	17.4090	120.0000
13.9000	13.6390	345.0000
19.4000	19.4000	260.0000
15.7000	15.7450	215.0000
12.3000	12.3590	200.0000
18.7000	18.7240	120.0000
15.7000	15.7220	150.0000
16.7000	16.7080	350.0000
15.7000	15.6400	60.0000
18.0000	17.9960	105.0000
17.3000	17.3000	200.0000
16.7000	16.6520	100.0000
13.6000	13.5680	90.0000
16.8000	16.7990	150.0000
17.2000	17.1900	235.0000
19.4000	19.4000	255.0000
19.0000	19.0010	140.0000
15.0000	14.9800	285.0000
18.6000	18.6010	85.0000
17.2000	17.1930	160.0000
18.1000	18.1030	100.0000
13.7000	13.6370	155.0000
14.3000	14.3000	45.0000
14.0000	13.9940	105.0000
18.8000	18.7950	240.0000
14.8000	14.8060	130.0000
13.9000	13.8640	255.0000
19.4000	19.4000	280.0000
17.2000	17.1900	195.0000
13.3000	13.2310	200.0000
16.5000	16.4720	200.0000
17.6000	17.6110	220.0000
17.9000	17.9050	185.0000
12.7000	12.5520	155.0000
13.7000	13.6580	290.0000
13.8000	13.7820	85.0000
14.2000	14.1970	120.0000
15.7000	15.7010	95.0000
14.8000	14.8050	65.0000
13.7000	13.7170	70.0000
17.9000	17.8910	145.0000
15.3000	15.4040	50.0000
12.5000	12.4120	210.0000
18.7000	18.6920	215.0000
19.0000	19.0000	185.0000
16.7000	16.7230	70.0000
18.9000	18.9000	185.0000
17.6000	17.5980	145.0000
18.4000	18.3980	250.0000
18.6000	18.6070	115.0000
12.3000	12.3522	30.0000
19.1000	19.1000	215.0000
17.5000	17.5070	325.0000
12.9000	12.7720	135.0000
14.0000	13.6760	310.0000
13.2000	13.1080	235.0000
18.4000	18.3890	210.0000
13.0000	12.6550	295.0000
18.3000	18.2930	180.0000
12.7000	12.3290	220.0000
17.7000	17.6920	140.0000
13.9000	13.6100	270.0000
14.0000	14.0230	215.0000
13.0000	13.2900	325.0000
13.0000	12.9020	45.0000
12.2000	12.3780	345.0000
17.3000	17.3250	125.0000
14.3000	14.3460	65.0000
16.8000	16.7920	175.0000
19.1000	19.0650	25.0000
18.1000	18.0970	235.0000
19.0000	19.0210	60.0000
15.6000	15.5900	70.0000
16.0000	16.0070	40.0000
14.4000	14.4260	285.0000
17.7000	17.6970	150.0000
17.6000	17.5970	155.0000
13.7000	13.7150	90.0000
14.2000	14.0990	310.0000
18.2000	18.2090	70.0000
18.2000	18.2350	355.0000
18.3000	18.2780	30.0000
18.5000	18.5080	90.0000
13.8000	13.7890	60.0000
13.1000	12.9600	70.0000
14.9000	14.8790	65.0000
18.7000	18.7000	90.0000
17.2000	17.1510	20.0000
19.2000	19.2000	295.0000
13.4000	13.5140	35.0000
13.5000	13.3510	210.0000
15.8000	15.7970	280.0000
13.4000	13.2760	150.0000
14.7000	14.5800	315.0000
17.3000	17.2830	180.0000
16.9000	16.8960	25.0000
14.0000	13.8970	335.0000
14.2000	14.1960	65.0000
14.1000	14.0860	180.0000
15.3000	15.2060	315.0000
14.7000	14.7160	105.0000
17.5000	17.4930	185.0000
13.3000	13.2660	45.0000
14.8000	14.8410	245.0000
17.0000	16.9990	250.0000
14.2000	14.2340	20.0000
17.3000	17.3000	245.0000
19.0000	19.0030	100.0000
14.9000	14.9010	40.0000
14.5000	14.4040	315.0000
18.6000	18.5610	240.0000
12.3000	12.5990	255.0000
16.7000	16.6870	315.0000
17.4000	17.4200	335.0000
12.2000	12.2360	90.0000
16.9000	16.9020	285.0000
15.1000	15.0640	325.0000
14.3000	14.3000	180.0000
14.2000	14.0430	295.0000
17.7000	17.7290	360.0000
12.9000	12.8760	20.0000
16.8000	16.7970	285.0000
14.6000	14.5470	340.0000
19.1000	19.1580	45.0000
18.0000	18.0030	180.0000
12.2000	12.5160	355.0000
15.9000	15.8990	350.0000
14.9000	14.8700	280.0000
15.4000	15.3950	170.0000
16.8000	16.7960	295.0000
17.1000	17.1100	330.0000
13.5000	13.4640	85.0000
13.9000	13.9010	165.0000
16.7000	16.6640	95.0000
16.7000	16.7030	230.0000
18.0000	18.0150	25.0000
16.1000	16.1230	225.0000
12.7000	12.5500	125.0000
15.5000	15.5440	75.0000
16.4000	16.4060	255.0000
17.2000	17.2720	360.0000
15.2000	15.2410	55.0000
18.6000	18.5940	225.0000
15.8000	15.8920	355.0000
19.2000	19.2010	95.0000
15.0000	14.8340	360.0000
18.8000	18.8070	340.0000
18.2000	18.2060	195.0000
12.9000	12.8240	115.0000
15.7000	15.7250	145.0000
17.6000	17.5910	175.0000
19.0000	19.0010	65.0000
12.8000	12.7950	20.0000
15.3000	15.2940	140.0000
12.3000	12.6680	220.0000
16.0000	15.9910	125.0000
12.4000	12.3600	205.0000
13.3000	13.4540	360.0000
14.1000	14.0920	165.0000
15.0000	15.0070	185.0000
12.4000	12.5120	175.0000
12.8000	12.6390	150.0000
18.9000	18.8700	25.0000
13.4000	13.3240	95.0000
13.7000	13.6950	100.0000
17.5000	17.4920	190.0000
16.3000	16.3220	80.0000
12.6000	12.5560	80.0000
14.4000	14.4240	60.0000
19.1000	19.1000	135.0000
15.8000	15.7970	275.0000
16.6000	16.6150	245.0000
12.1000	12.2170	20.0000
13.5000	13.5300	22.5000
14.5000	14.5250	25.0000
13.8000	13.2950	355.0000
19.1000	19.1010	120.0000
13.6000	13.6830	70.0000
14.6000	14.5730	255.0000
17.2000	17.1950	140.0000
19.3000	19.2960	135.0000
12.3000	12.5000	145.0000
13.3000	13.1930	115.0000
12.5000	12.7000	330.0000
12.5000	12.4650	65.0000
13.3000	13.2440	55.0000
12.6000	12.5696	55.0000
14.9000	14.8820	190.0000
12.7000	12.6560	185.0000
12.1000	12.1790	105.0000
15.3000	15.2740	340.0000
14.6000	14.5320	270.0000
19.3000	19.3000	330.0000
16.8000	16.8090	30.0000
14.8000	14.8130	285.0000
14.5000	14.5190	80.0000
18.3000	18.2940	185.0000
15.9000	15.8600	75.0000
18.3000	18.2980	235.0000
17.8000	17.7920	285.0000
16.3000	16.2970	45.0000
18.0000	17.9980	255.0000
12.4000	12.3130	155.0000
16.2000	16.2540	40.0000
14.9000	14.7760	360.0000
14.1000	14.1000	105.0000
16.7000	16.6900	190.0000
12.5000	13.3370	350.0000
15.2000	15.1870	260.0000
16.1000	16.0650	190.0000
14.7000	14.6310	260.0000
14.1000	14.0780	140.0000
17.7000	17.7000	255.0000
18.5000	18.5070	80.0000
12.5000	12.4260	285.0000
16.1000	16.0690	135.0000
19.0000	18.9170	20.0000
15.8000	15.8160	35.0000
14.3000	14.2350	325.0000
19.3000	19.2980	145.0000
12.5000	12.4133	22.5000
17.8000	17.7990	230.0000
17.1000	17.1020	100.0000
18.4000	18.3930	155.0000
16.9000	16.9080	85.0000
17.1000	17.0980	260.0000
18.1000	18.1050	80.0000
15.4000	15.3820	200.0000
13.0000	12.8340	135.0000
19.0000	19.0000	145.0000
18.1000	18.0940	310.0000
14.5000	14.4410	255.0000
18.8000	18.8260	125.0000
13.5000	13.3790	275.0000
16.5000	16.4940	110.0000
16.4000	16.3970	160.0000
18.7000	18.5810	20.0000
17.2000	17.1950	150.0000
14.6000	14.6020	55.0000
16.0000	16.0380	210.0000
13.0000	12.9710	305.0000
14.2000	14.2450	275.0000
15.5000	15.5290	70.0000
16.4000	16.4040	270.0000
15.8000	15.8070	95.0000
18.9000	18.9000	165.0000
18.7000	18.6960	170.0000
16.4000	16.3730	140.0000
12.2000	12.2890	300.0000
14.6000	14.5880	220.0000
17.7000	17.6970	335.0000
16.9000	16.9000	300.0000
17.4000	17.4210	55.0000
16.5000	16.4950	105.0000
17.0000	17.0160	85.0000
13.3000	13.2420	265.0000
16.2000	16.2050	195.0000
14.9000	14.9080	35.0000
18.5000	18.5170	340.0000
15.4000	15.3860	90.0000
13.8000	13.7890	185.0000
14.7000	14.7150	70.0000
12.9000	12.7580	65.0000
13.7000	13.7150	320.0000
19.1000	19.1000	250.0000
17.9000	17.8960	105.0000
13.2000	13.2190	265.0000
13.7000	13.8670	360.0000
12.6000	12.4610	305.0000
16.2000	16.2000	255.0000
15.4000	15.3460	110.0000
17.9000	17.9230	75.0000
18.2000	18.1950	240.0000
18.1000	18.0960	130.0000
14.4000	14.3930	170.0000
18.2000	18.1990	100.0000
13.0000	12.9620	220.0000
13.1000	13.2140	310.0000
13.4000	13.3990	280.0000
16.4000	16.4050	350.0000
17.8000	17.7990	255.0000
16.9000	16.8940	175.0000
14.6000	14.6210	115.0000
14.5000	14.4950	140.0000
16.0000	15.8730	205.0000
16.0000	15.9380	95.0000
13.9000	13.8260	275.0000
18.4000	18.3920	215.0000
16.7000	16.6700	105.0000
17.2000	17.2140	355.0000
12.8000	12.7930	340.0000
16.8000	16.8380	350.0000
12.7000	12.7820	265.0000
18.1000	18.0920	250.0000
16.6000	16.5930	195.0000
16.2000	16.1850	135.0000
16.1000	16.1280	20.0000
15.7000	15.6890	45.0000
18.3000	18.2970	310.0000
13.8000	13.7450	145.0000
15.9000	15.9090	155.0000
16.6000	16.6000	335.0000
19.2000	19.2000	285.0000
18.3000	18.2910	165.0000
16.0000	16.0000	285.0000
15.1000	15.0910	155.0000
14.0000	13.8910	225.0000
15.4000	15.3960	250.0000
12.3000	12.2940	330.0000
19.1000	18.9320	20.0000
16.5000	16.4930	145.0000
17.9000	17.9000	280.0000
18.6000	18.5840	235.0000
12.2000	12.2980	20.0000
15.0000	15.0000	250.0000
16.2000	16.2000	90.0000
12.2000	12.2460	140.0000
15.4000	15.3950	255.0000
13.4000	13.3720	55.0000
15.7000	15.6630	50.0000
18.9000	18.9000	160.0000
15.1000	15.1220	195.0000
14.3000	14.2650	225.0000
15.5000	15.4870	60.0000
18.3000	18.3020	355.0000
13.8000	13.7820	120.0000
16.0000	15.9950	235.0000
13.0000	13.2170	290.0000
16.9000	16.8950	115.0000
17.7000	17.7030	90.0000
14.4000	14.3980	135.0000
13.1000	13.0060	22.5000
17.3000	17.3060	90.0000
15.8000	15.7910	90.0000
12.5000	12.3050	300.0000
12.6000	12.6480	140.0000
12.7000	12.6880	285.0000
12.2000	12.2970	135.0000
18.1000	18.0950	270.0000
13.0000	12.8110	65.0000
16.2000	16.2270	225.0000
13.6000	13.2350	355.0000
16.4000	16.4030	85.0000
19.0000	19.0000	115.0000
15.5000	15.5170	320.0000
12.9000	12.9100	265.0000
19.3000	19.2960	115.0000
18.8000	18.8040	100.0000
18.3000	18.3010	305.0000
13.7000	13.5440	350.0000
12.1000	12.3540	110.0000
12.7000	12.4990	150.0000
15.4000	15.4010	315.0000
14.3000	14.2340	270.0000
13.8000	13.8880	35.0000
15.5000	15.4760	215.0000
12.3000	12.2480	125.0000
12.7000	12.5830	295.0000
15.4000	15.4020	155.0000
17.5000	17.5010	290.0000
19.0000	19.0000	235.0000
12.4000	12.3490	125.0000
17.3000	17.3750	30.0000
15.7000	15.7190	22.5000
14.0000	13.9990	75.0000
14.4000	14.3470	300.0000
17.2000	17.1990	70.0000
13.6000	13.5260	155.0000
16.9000	16.8750	22.5000
14.5000	14.4830	110.0000
12.1000	12.3680	180.0000
14.7000	14.6990	160.0000
17.4000	17.4000	255.0000
16.5000	16.5070	100.0000
16.4000	16.4250	210.0000
14.7000	14.6170	345.0000
19.2000	19.2000	325.0000
16.3000	16.3080	30.0000
18.4000	18.4100	85.0000
17.8000	17.8130	115.0000
12.9000	13.2270	315.0000
17.5000	17.5000	210.0000
12.5000	12.5950	200.0000
14.0000	13.8310	275.0000
14.5000	14.4600	345.0000
14.4000	14.3880	180.0000
13.7000	13.6470	325.0000
16.6000	16.6030	185.0000
14.8000	14.8460	240.0000
16.8000	16.7980	255.0000
16.0000	16.0000	280.0000
17.8000	17.7990	245.0000
18.3000	18.3090	65.0000
15.2000	15.2470	115.0000
13.6000	13.5540	95.0000
14.4000	14.3720	105.0000
15.9000	15.9570	200.0000
19.0000	19.0000	190.0000
15.1000	15.0700	310.0000
19.0000	19.0000	280.0000
18.3000	18.2960	315.0000
17.9000	17.8940	22.5000
18.6000	18.6030	120.0000
16.8000	16.8270	65.0000
17.7000	17.6980	205.0000
15.1000	15.0960	65.0000
16.9000	16.8950	160.0000
15.5000	15.5070	245.0000
13.9000	13.9030	100.0000
12.0000	12.4780	360.0000
18.8000	18.8040	140.0000
18.8000	18.8260	110.0000
16.6000	16.6020	265.0000
15.8000	15.8000	255.0000
14.5000	14.4450	320.0000
15.7000	15.7040	330.0000
12.1000	12.4730	350.0000
18.4000	18.4760	360.0000
17.5000	17.4990	350.0000
17.8000	17.8020	350.0000
16.3000	16.3000	165.0000
16.1000	16.1000	290.0000
18.5000	18.5010	185.0000
17.7000	17.6930	200.0000
18.7000	18.7070	130.0000
14.0000	14.0040	190.0000
18.1000	18.1010	210.0000
12.7000	12.5508	35.0000
16.5000	16.5010	230.0000
17.9000	17.9320	35.0000
13.1000	13.1250	225.0000
13.3000	12.9770	195.0000
15.5000	15.5200	310.0000
16.3000	16.3170	355.0000
12.2000	12.3280	170.0000
16.6000	16.5980	225.0000
13.0000	12.8350	150.0000
18.7000	18.6970	325.0000
17.8000	17.8000	195.0000
18.4000	18.4030	110.0000
12.2000	12.3090	315.0000
14.7000	14.6340	250.0000
12.8000	12.9600	245.0000
15.6000	15.6100	200.0000
12.7000	12.7180	260.0000
16.6000	16.6130	110.0000
17.4000	17.4220	345.0000
18.4000	18.4060	75.0000
12.1000	12.3790	195.0000
12.7000	12.6130	170.0000
13.6000	13.5930	50.0000
18.2000	18.1960	155.0000
15.2000	15.2240	275.0000
17.2000	17.2040	310.0000
15.5000	15.4880	265.0000
16.3000	16.2860	135.0000
12.5000	12.4504	30.0000
16.2000	16.2400	35.0000
17.1000	17.0850	175.0000
18.4000	18.4020	105.0000
12.2000	12.3620	195.0000
16.4000	16.4480	20.0000
15.5000	15.4840	35.0000
19.4000	19.4000	195.0000
13.3000	13.2660	130.0000
13.6000	13.6300	25.0000
18.9000	18.9000	135.0000
18.8000	18.7920	245.0000
12.1000	12.2980	130.0000
13.2000	13.1380	360.0000
13.8000	13.6290	240.0000
18.2000	18.2010	255.0000
14.7000	14.7260	22.5000
13.9000	13.8540	260.0000
13.1000	12.7270	195.0000
13.1000	13.0340	90.0000
12.3000	12.3800	130.0000
12.1000	12.3809	45.0000
15.2000	15.1930	85.0000
13.5000	13.4910	65.0000
14.2000	14.2100	70.0000
12.3000	12.3980	285.0000
16.3000	16.3020	75.0000
14.4000	14.3950	165.0000
18.8000	18.8050	95.0000
19.1000	19.1000	340.0000
16.2000	16.2000	110.0000
19.3000	19.2810	360.0000
16.3000	16.2850	40.0000
14.7000	14.6760	305.0000
13.9000	13.9280	45.0000
12.2000	12.2810	60.0000
12.8000	12.6950	70.0000
16.0000	16.0000	270.0000
18.6000	18.6000	305.0000
16.4000	16.4020	310.0000
12.2000	12.7980	335.0000
17.6000	17.6010	40.0000
18.5000	18.4980	235.0000
12.6000	12.8320	280.0000
16.5000	16.5010	300.0000
17.9000	17.8990	220.0000
13.4000	13.3440	225.0000
13.3000	13.4200	22.5000
16.9000	16.9300	215.0000
18.7000	18.6990	265.0000
18.3000	18.3320	90.0000
16.1000	16.0960	110.0000
14.3000	14.3120	90.0000
12.2000	12.6180	305.0000
15.9000	15.9000	315.0000
17.8000	17.8190	25.0000
17.7000	17.6980	280.0000
15.3000	15.2720	350.0000
12.5000	12.9680	225.0000
14.8000	14.6850	345.0000
16.2000	16.1960	190.0000
15.7000	15.6970	285.0000
16.5000	16.5080	345.0000
17.1000	17.0740	195.0000
12.9000	13.1020	335.0000
13.2000	13.0850	120.0000
12.6000	12.4180	220.0000
13.6000	13.5780	110.0000
12.4000	12.2760	22.5000
15.6000	15.5910	255.0000
16.9000	16.8940	165.0000
13.4000	13.4380	45.0000
16.3000	16.2550	200.0000
14.5000	14.5250	20.0000
12.2000	12.4550	255.0000
15.6000	15.5930	355.0000
12.6000	12.7750	230.0000
13.3000	13.2110	230.0000
16.4000	16.4050	60.0000
16.2000	16.2180	180.0000
15.1000	15.0840	225.0000
13.3000	13.1650	210.0000
15.3000	15.2950	300.0000
12.2000	12.3570	110.0000
12.0000	12.7530	220.0000
13.5000	13.3820	270.0000
16.1000	16.1140	80.0000
17.4000	17.4160	80.0000
18.9000	18.8960	280.0000
13.1000	13.0160	190.0000
12.1000	12.5800	275.0000
15.7000	15.6990	300.0000
14.8000	14.7840	310.0000
17.9000	17.8990	95.0000
14.0000	14.0880	205.0000
15.6000	15.5980	235.0000
15.1000	15.0680	100.0000
14.5000	14.4980	180.0000
15.7000	15.7130	160.0000
14.0000	13.7580	300.0000
12.2000	12.2000	150.0000
15.8000	15.7990	335.0000
13.0000	12.9140	120.0000
16.1000	16.0940	90.0000
17.3000	17.2460	20.0000
18.1000	18.1060	30.0000
17.4000	17.4020	275.0000
16.5000	16.4810	130.0000
16.7000	16.6930	305.0000
17.5000	17.4990	110.0000
12.0000	12.2690	175.0000
13.8000	13.7880	280.0000
14.8000	14.6970	325.0000
14.6000	14.5900	145.0000
12.6000	12.6020	120.0000
18.7000	18.6970	175.0000
13.6000	13.5550	80.0000
15.1000	15.0850	230.0000
13.1000	13.0330	170.0000
13.8000	13.7700	155.0000
15.4000	15.3690	345.0000
18.9000	18.8990	260.0000
18.1000	18.0990	110.0000
17.8000	17.8100	170.0000
16.6000	16.6080	350.0000
12.5000	12.5880	145.0000
16.0000	15.9920	135.0000
19.2000	19.2000	305.0000
16.7000	16.7010	340.0000
12.6000	12.5650	145.0000
15.0000	15.0010	110.0000
12.5000	12.7410	280.0000
19.4000	19.4000	190.0000
16.2000	16.2270	85.0000
18.5000	18.4900	45.0000
17.3000	17.3290	115.0000
14.7000	14.7010	185.0000
14.5000	14.5250	285.0000
12.5000	12.5350	180.0000
19.3000	19.3000	195.0000
17.7000	17.7110	125.0000
18.4000	18.4040	115.0000
17.2000	17.1910	165.0000
12.0000	12.2620	135.0000
15.4000	15.3610	330.0000
18.2000	18.2050	175.0000
15.8000	15.8200	110.0000
19.4000	19.4000	305.0000
15.1000	15.0900	145.0000
19.4000	19.3450	40.0000
16.5000	16.4970	115.0000
13.8000	13.6680	220.0000
13.9000	13.8950	360.0000
18.6000	18.5820	45.0000
14.4000	14.3270	350.0000
15.6000	15.6280	105.0000
16.5000	16.4070	175.0000
17.9000	17.8960	230.0000
19.0000	19.0000	110.0000
15.1000	15.0770	280.0000
14.7000	14.7060	140.0000
16.5000	16.4940	275.0000
14.7000	14.5910	325.0000
16.4000	16.4000	260.0000
16.0000	15.9910	150.0000
19.4000	19.3570	55.0000
13.1000	12.9630	130.0000
17.3000	17.3150	55.0000
14.6000	14.6030	135.0000
18.0000	18.0030	185.0000
13.5000	13.5200	40.0000
16.8000	16.8000	110.0000
12.3000	12.6810	275.0000
15.0000	15.0350	220.0000
14.7000	14.7070	125.0000
18.9000	18.9000	305.0000
18.2000	18.2010	315.0000
17.5000	17.4990	80.0000
18.2000	18.1970	235.0000
15.5000	15.4750	220.0000
16.1000	16.0850	60.0000
17.0000	16.9880	140.0000
13.2000	13.1710	35.0000
15.3000	15.2910	145.0000
13.4000	13.2860	210.0000
18.6000	18.5810	55.0000
17.4000	17.4210	330.0000
14.7000	14.7490	55.0000
13.6000	13.5480	180.0000
14.1000	13.9390	230.0000
13.5000	13.4490	255.0000
13.4000	13.3670	120.0000
15.8000	15.7970	285.0000
17.7000	17.7010	210.0000
17.3000	17.2980	60.0000
15.8000	15.8210	105.0000
18.0000	18.0080	160.0000
17.3000	17.2960	295.0000
13.3000	13.4490	325.0000
16.3000	16.2940	22.5000
18.2000	18.2010	320.0000
19.4000	19.3970	95.0000
17.8000	17.8070	355.0000
18.9000	18.9050	330.0000
18.2000	18.2000	190.0000
13.8000	13.7730	330.0000
15.2000	15.2020	65.0000
12.4000	12.3110	235.0000
12.3000	12.3580	50.0000
18.6000	18.6000	195.0000
14.6000	14.6190	120.0000
12.5000	12.5520	140.0000
15.9000	15.8560	85.0000
14.6000	14.5460	305.0000
18.6000	18.6000	270.0000
17.3000	17.3210	50.0000
16.6000	16.6190	355.0000
12.7000	12.7260	280.0000
15.3000	15.3110	335.0000
19.3000	19.3080	290.0000
16.5000	16.5170	210.0000
18.5000	18.4800	320.0000
14.0000	14.0920	20.0000
13.0000	12.9430	260.0000
16.8000	16.7980	260.0000
15.9000	15.8980	150.0000
14.3000	14.2280	255.0000
16.6000	16.6240	30.0000
15.1000	15.2070	210.0000
16.6000	16.5760	155.0000
18.8000	18.8000	220.0000
17.4000	17.4010	200.0000
19.2000	19.1950	235.0000
15.9000	15.9000	290.0000
19.3000	19.2940	100.0000
16.5000	16.4880	125.0000
19.0000	19.0050	70.0000
16.2000	16.2000	310.0000
13.9000	13.6750	305.0000
13.7000	13.6930	105.0000
12.5000	12.4830	70.0000
13.2000	13.1150	75.0000
19.3000	19.3000	250.0000
14.6000	14.5500	295.0000
13.8000	13.7920	45.0000
16.4000	16.3900	130.0000
14.5000	14.4950	190.0000
16.2000	16.2250	60.0000
18.1000	18.1060	75.0000
14.5000	14.5240	205.0000
15.9000	15.9190	175.0000
12.8000	12.7210	195.0000
19.0000	19.0000	180.0000
15.4000	15.3950	225.0000
15.0000	15.1070	210.0000
12.4000	12.3650	65.0000
15.2000	15.2020	50.0000
13.8000	13.7560	140.0000
14.3000	14.2200	350.0000
18.7000	18.6740	230.0000
12.2000	12.3190	85.0000
16.8000	16.8030	315.0000
13.2000	13.1410	45.0000
15.3000	15.3010	235.0000
19.0000	19.0480	40.0000
15.3000	15.2880	260.0000
13.4000	13.3750	330.0000
16.4000	16.3910	155.0000
18.7000	18.6980	280.0000
18.7000	18.6960	165.0000
13.7000	13.7280	205.0000
17.6000	17.6020	120.0000
15.7000	15.6950	175.0000
16.8000	16.7990	310.0000
19.2000	19.1990	50.0000
13.0000	12.8500	255.0000
15.3000	15.2340	90.0000
14.2000	14.2180	215.0000
18.5000	18.5040	70.0000
15.6000	15.6020	80.0000
12.0000	12.3250	340.0000
16.0000	16.0060	345.0000
16.3000	16.2150	195.0000
18.0000	18.0030	290.0000
15.2000	15.2350	120.0000
14.0000	13.6660	305.0000
13.5000	13.2620	285.0000
13.6000	13.6280	22.5000
17.8000	17.7990	180.0000
18.9000	18.9020	345.0000
14.0000	13.7930	265.0000
18.6000	18.6010	170.0000
15.2000	15.1830	230.0000
13.9000	13.7940	340.0000
19.2000	19.2000	265.0000
13.9000	13.7270	265.0000
12.1000	12.3940	320.0000
12.7000	12.6193	22.5000
19.0000	19.0000	125.0000
14.4000	14.3940	35.0000
17.1000	17.0960	250.0000
18.3000	18.2950	190.0000
12.2000	12.2480	130.0000
13.2000	13.2070	260.0000
13.2000	13.0650	60.0000
14.7000	14.6980	300.0000
13.4000	13.2850	100.0000
16.6000	16.6310	70.0000
16.5000	16.5160	160.0000
14.2000	14.1960	115.0000
14.4000	14.3690	315.0000
18.0000	17.9860	120.0000
13.6000	13.6170	75.0000
13.3000	13.3690	215.0000
14.2000	14.0510	330.0000
13.1000	12.9590	80.0000
16.7000	16.7020	260.0000
16.5000	16.4980	310.0000
19.1000	19.1010	275.0000
12.9000	12.7800	205.0000
14.6000	14.6250	335.0000
18.6000	18.6000	200.0000
15.0000	14.9950	90.0000
18.4000	18.3570	290.0000
16.0000	15.9910	130.0000
14.7000	14.6920	75.0000
15.7000	15.7210	155.0000
15.1000	15.0920	165.0000
19.1000	19.1010	290.0000
15.3000	15.3080	190.0000
13.5000	13.3120	300.0000
12.2000	12.3890	340.0000
18.6000	18.5620	245.0000
13.2000	13.1200	190.0000
18.8000	18.8040	45.0000
17.6000	17.6020	130.0000
18.7000	18.6990	190.0000
14.1000	14.1240	30.0000
14.5000	14.5000	100.0000
16.6000	16.6220	22.5000
19.2000	19.2000	270.0000
14.2000	14.1990	180.0000
18.3000	18.2890	170.0000
12.5000	12.5060	50.0000
18.5000	18.5070	85.0000
14.9000	14.9290	220.0000
15.3000	15.3150	75.0000
16.3000	16.3010	300.0000
17.8000	17.8400	125.0000
14.3000	14.2010	240.0000
15.0000	14.9850	310.0000
16.5000	16.5040	290.0000
17.1000	17.0960	240.0000
12.4000	12.5380	290.0000
15.9000	15.9000	310.0000
14.2000	14.1650	245.0000
14.8000	14.7670	280.0000
17.9000	17.8990	335.0000
17.2000	17.1900	170.0000
16.7000	16.6950	275.0000
16.8000	16.8070	210.0000
15.0000	14.9910	245.0000
17.0000	17.0260	355.0000
12.7000	12.7240	110.0000
17.4000	17.4210	50.0000
16.4000	16.4010	110.0000
13.5000	13.4300	140.0000
16.3000	16.2820	140.0000
13.8000	13.6280	245.0000
12.7000	12.8140	230.0000
13.8000	13.7840	170.0000
13.7000	13.5870	245.0000
14.1000	14.0280	320.0000
17.7000	17.7060	40.0000
14.9000	14.9050	45.0000
12.9000	12.8290	90.0000
15.0000	15.0610	120.0000
17.7000	17.6980	235.0000
18.3000	18.3160	275.0000
12.6000	12.4930	355.0000
14.2000	14.1940	140.0000
15.2000	15.1460	315.0000
16.1000	16.1000	315.0000
14.3000	14.1730	330.0000
16.3000	16.3010	295.0000
15.7000	15.6970	260.0000
15.9000	15.8700	215.0000
16.9000	16.9010	50.0000
12.6000	12.4890	150.0000
18.8000	18.8270	130.0000
16.7000	16.7220	35.0000
15.2000	15.2310	100.0000
19.4000	19.4000	300.0000
16.1000	16.1130	75.0000
15.6000	15.5890	315.0000
15.2000	15.2010	175.0000
15.4000	15.3900	85.0000
18.9000	18.9000	145.0000
18.8000	18.7990	205.0000
17.1000	17.1020	45.0000
17.8000	17.8030	300.0000
17.2000	17.1970	220.0000
14.6000	14.5990	70.0000
15.3000	15.2930	150.0000
17.9000	17.8990	250.0000
18.0000	17.9960	265.0000
12.5000	12.4450	115.0000
15.2000	15.1680	155.0000
18.9000	18.8930	275.0000
17.1000	17.0760	190.0000
17.0000	16.9830	25.0000
15.3000	15.3440	125.0000
14.0000	13.9940	110.0000
13.5000	13.4620	135.0000
15.7000	15.7010	250.0000
18.4000	18.3970	255.0000
17.1000	17.0980	270.0000
13.3000	13.1940	140.0000
14.6000	14.6250	210.0000
12.8000	12.4970	230.0000
16.3000	16.2990	330.0000
15.6000	15.6120	175.0000
13.6000	13.5290	240.0000
17.3000	17.3350	25.0000
17.3000	17.3040	305.0000
16.5000	16.5140	205.0000
18.8000	18.8000	320.0000
16.9000	16.9040	335.0000
14.3000	14.2460	250.0000
15.9000	15.8980	135.0000
17.9000	17.9200	80.0000
15.8000	15.8430	45.0000
14.9000	14.8540	330.0000
15.1000	15.1050	275.0000
17.6000	17.6030	330.0000
16.1000	16.0920	205.0000
17.7000	17.6960	65.0000
12.1000	12.2370	95.0000
12.6000	12.5780	210.0000
12.0000	12.3680	335.0000
19.4000	19.4000	290.0000
18.7000	18.6790	225.0000
17.5000	17.5020	40.0000
15.7000	15.6970	265.0000
12.4000	12.2810	310.0000
16.7000	16.6640	175.0000
17.2000	17.2030	300.0000
14.5000	14.4920	120.0000
12.3000	12.3400	170.0000
13.6000	13.3940	300.0000
15.2000	15.1400	320.0000
14.7000	14.7060	295.0000
18.6000	18.6000	80.0000
18.9000	18.9090	45.0000
19.1000	19.1000	175.0000
14.0000	13.9580	140.0000
14.9000	14.8360	340.0000
15.6000	15.5680	55.0000
17.7000	17.6920	195.0000
18.4000	18.3950	175.0000
14.8000	14.7960	120.0000
16.8000	16.8020	140.0000
16.4000	16.4020	320.0000
19.2000	19.2020	155.0000
12.6000	12.9570	225.0000
19.3000	19.2970	170.0000
17.3000	17.2990	260.0000
12.3000	12.3160	75.0000
13.4000	13.3360	230.0000
18.4000	18.3960	265.0000
14.1000	13.8710	265.0000
19.1000	19.1000	230.0000
18.5000	18.4850	55.0000
16.6000	16.6090	55.0000
16.0000	16.0120	245.0000
13.9000	13.9560	200.0000
13.8000	13.8280	215.0000
19.2000	19.2010	215.0000
13.8000	13.7040	325.0000
16.8000	16.7970	165.0000
12.9000	12.8150	60.0000
12.9000	12.8630	260.0000
18.6000	18.5960	220.0000
19.3000	19.3010	310.0000
13.4000	13.3980	355.0000
16.0000	16.0000	315.0000
17.9000	17.8940	150.0000
18.2000	18.1970	290.0000
12.4000	12.4070	165.0000
17.4000	17.4100	95.0000
17.4000	17.4070	205.0000
15.7000	15.6930	280.0000
19.0000	19.0030	330.0000
13.3000	13.1880	225.0000
17.6000	17.5760	360.0000
18.1000	18.1030	320.0000
19.2000	19.2000	205.0000
14.2000	14.1460	260.0000
18.8000	18.8220	295.0000
14.0000	14.0240	40.0000
18.2000	18.2000	260.0000
14.4000	14.3860	110.0000
15.1000	15.1770	215.0000
13.9000	13.9410	40.0000
13.8000	13.9080	210.0000
16.0000	15.9940	60.0000
18.7000	18.7540	110.0000
14.0000	14.0150	60.0000
17.2000	17.2000	350.0000
13.9000	13.9540	195.0000
13.5000	13.4590	145.0000
16.8000	16.8000	225.0000
19.2000	19.2000	275.0000
15.3000	15.2760	25.0000
18.1000	18.1970	360.0000
17.6000	17.5930	170.0000
12.1000	12.1980	240.0000
18.8000	18.8030	150.0000
17.7000	17.7000	265.0000
13.1000	13.0800	140.0000
18.7000	18.7300	350.0000
17.1000	17.1010	315.0000
16.1000	16.1050	350.0000
15.1000	15.1210	270.0000
17.1000	17.0840	135.0000
12.7000	13.1250	325.0000
13.4000	13.3560	60.0000
17.5000	17.4910	175.0000
18.3000	18.2960	155.0000
12.3000	12.5680	310.0000
16.9000	16.8970	95.0000
19.1000	19.1050	360.0000
18.7000	18.7010	150.0000
13.3000	13.2480	320.0000
15.8000	15.8000	230.0000
17.8000	17.8020	110.0000
18.8000	18.8250	115.0000
18.9000	18.9000	170.0000
16.0000	16.0090	250.0000
15.1000	15.0740	245.0000
18.4000	18.3940	180.0000
13.5000	13.4470	165.0000
16.1000	16.1010	285.0000
15.9000	15.6430	205.0000
18.4000	18.4030	335.0000
18.0000	18.0010	40.0000
15.1000	15.0490	295.0000
13.2000	13.1210	20.0000
17.3000	17.3300	120.0000
14.3000	14.1380	340.0000
12.1000	12.3780	40.0000
12.5000	12.4711	20.0000
17.0000	17.0050	325.0000
18.4000	18.3760	195.0000
16.4000	16.4020	340.0000
17.3000	17.2970	285.0000
18.1000	18.1070	65.0000
14.8000	14.7890	180.0000
15.4000	15.3580	115.0000
18.3000	18.3000	210.0000
13.2000	13.0460	80.0000
14.9000	14.9220	80.0000
15.4000	15.4500	45.0000
13.4000	13.3980	345.0000
17.2000	17.2060	100.0000
14.1000	14.0780	250.0000
15.6000	15.6330	125.0000
19.0000	19.0000	255.0000
14.9000	14.9290	85.0000
18.5000	18.5230	355.0000
16.7000	16.7340	90.0000
18.5000	18.5010	270.0000
15.2000	15.2580	215.0000
17.4000	17.3900	195.0000
12.8000	12.7070	200.0000
17.8000	17.8030	165.0000
16.7000	16.6730	170.0000
16.4000	16.3530	195.0000
13.8000	13.7510	135.0000
19.1000	19.1000	165.0000
17.6000	17.5980	230.0000
15.7000	15.7000	305.0000
15.0000	14.9910	100.0000
17.0000	16.9880	145.0000
13.5000	13.3600	290.0000
17.6000	17.5930	240.0000
19.1000	19.0990	90.0000
12.3000	12.4010	195.0000
19.3000	19.3000	240.0000
17.8000	17.8010	60.0000
18.1000	18.0960	125.0000
16.2000	16.2020	30.0000
15.0000	14.9690	355.0000
13.2000	13.0200	160.0000
12.0000	12.3779	45.0000
13.3000	13.2620	205.0000
14.6000	14.6300	40.0000
13.6000	13.6670	65.0000
12.5000	12.5240	90.0000
19.1000	19.1000	320.0000
13.5000	13.4370	205.0000
13.2000	13.0840	285.0000
18.9000	18.9000	215.0000
15.8000	15.7780	180.0000
12.4000	12.3300	160.0000
15.7000	15.6540	70.0000
13.9000	13.6310	310.0000
16.0000	15.9320	90.0000
17.7000	17.7080	130.0000
14.8000	14.7200	315.0000
15.3000	15.2800	110.0000
16.4000	16.4440	215.0000
19.2000	19.2000	195.0000
19.4000	19.3970	125.0000
14.1000	14.0990	120.0000
13.1000	12.8840	180.0000
17.4000	17.4170	210.0000
17.4000	17.4000	300.0000
17.2000	17.1920	225.0000
13.4000	13.5580	335.0000
19.0000	19.0000	250.0000
12.1000	12.9090	325.0000
14.8000	14.7480	230.0000
13.3000	13.2450	250.0000
17.1000	17.0720	200.0000
13.6000	13.6410	60.0000
14.1000	14.0880	175.0000
19.1000	19.1700	35.0000
15.6000	15.5720	45.0000
16.4000	16.3950	100.0000
15.8000	15.7720	185.0000
15.0000	14.8850	340.0000
15.8000	15.7810	70.0000
13.5000	13.3960	230.0000
12.5000	12.6380	325.0000
14.8000	14.7780	190.0000
13.2000	13.0660	245.0000
17.6000	17.6110	90.0000
15.8000	15.7660	125.0000
15.1000	15.1390	95.0000
17.7000	17.6880	190.0000
13.1000	13.2710	275.0000
17.1000	17.0970	150.0000
13.3000	13.3110	185.0000
17.8000	17.7970	200.0000
12.4000	12.3410	250.0000
13.0000	12.7990	300.0000
15.4000	15.4570	50.0000
13.0000	13.2330	275.0000
16.9000	16.8720	20.0000
15.1000	15.0380	115.0000
19.2000	19.1980	225.0000
13.7000	13.5610	230.0000
14.6000	14.5950	175.0000
18.1000	18.0920	255.0000
16.7000	16.6880	140.0000
16.2000	16.2570	210.0000
17.1000	17.1020	295.0000
12.4000	12.5030	215.0000
16.3000	16.3390	360.0000
16.9000	16.9020	230.0000
18.9000	18.9000	220.0000
14.4000	14.3610	100.0000
16.0000	16.0610	185.0000
15.8000	15.7850	170.0000
16.1000	16.0990	40.0000
14.1000	14.0800	60.0000
16.6000	16.6110	250.0000
12.1000	12.4540	190.0000
19.0000	19.0360	45.0000
15.7000	15.6970	105.0000
12.8000	13.0270	310.0000
15.8000	15.8100	115.0000
16.3000	16.3090	190.0000
16.9000	16.8970	330.0000
18.1000	18.1070	175.0000
15.9000	15.9060	25.0000
15.9000	15.8680	70.0000
17.6000	17.6160	100.0000
15.4000	15.3920	185.0000
14.0000	13.9740	145.0000
18.6000	18.5510	40.0000
13.0000	13.2700	340.0000
16.8000	16.8130	90.0000
12.3000	12.7030	245.0000
15.0000	14.9450	295.0000
17.1000	17.0920	115.0000
18.8000	18.8020	355.0000
13.9000	13.9000	120.0000
13.5000	13.6530	50.0000
13.4000	13.3130	205.0000
12.8000	12.6080	145.0000
15.2000	15.1770	250.0000
17.3000	17.2980	75.0000
13.8000	13.8350	315.0000
14.9000	14.8980	130.0000
14.1000	14.1500	75.0000
18.5000	18.4980	290.0000
18.1000	18.1010	115.0000
12.8000	12.6458	35.0000
17.2000	17.1900	230.0000
16.5000	16.4780	65.0000
15.6000	15.5900	260.0000
17.3000	17.2930	340.0000
13.8000	13.6080	225.0000
15.5000	15.5030	335.0000
12.4000	12.4290	85.0000
14.3000	14.3670	205.0000
13.9000	13.9320	22.5000
16.0000	16.0060	240.0000
18.1000	18.0990	145.0000
15.7000	15.7000	335.0000
15.6000	15.6630	120.0000
14.6000	14.6330	95.0000
14.3000	14.3500	55.0000
17.8000	17.7930	275.0000
17.5000	17.5070	55.0000
14.1000	14.0940	170.0000
18.8000	18.7970	265.0000
14.5000	14.4250	325.0000
14.8000	14.8010	85.0000
15.4000	15.4050	235.0000
14.9000	14.8810	230.0000
14.2000	14.2290	360.0000
16.9000	16.9680	360.0000
12.7000	12.4760	105.0000
15.9000	15.9010	260.0000
16.1000	16.1000	325.0000
18.4000	18.3950	20.0000
18.3000	18.2950	195.0000
17.2000	17.2000	210.0000
16.8000	16.8100	130.0000
18.3000	18.2960	50.0000
17.6000	17.5850	55.0000
16.1000	16.1030	270.0000
14.5000	14.5250	30.0000
16.3000	16.2980	325.0000
17.1000	17.0970	305.0000
14.0000	13.9210	245.0000
15.5000	15.5720	205.0000
19.2000	19.2000	350.0000
15.7000	15.7010	255.0000
14.6000	14.6170	355.0000
19.1000	19.1000	235.0000
16.7000	16.6800	165.0000
14.9000	14.8860	275.0000
15.2000	15.2080	90.0000
16.7000	16.6930	325.0000
15.8000	15.8220	345.0000
12.4000	12.4084	30.0000
18.0000	18.0020	235.0000
18.5000	18.5000	140.0000
14.2000	14.1840	85.0000
15.2000	15.2320	30.0000
17.2000	17.1930	200.0000
13.3000	13.2240	60.0000
14.1000	14.0310	345.0000
16.2000	16.1970	165.0000
15.2000	15.2060	135.0000
15.3000	15.2810	270.0000
12.8000	12.7390	180.0000
18.2000	18.2040	60.0000
19.4000	19.4000	275.0000
14.6000	14.5570	245.0000
12.0000	12.4350	200.0000
15.6000	15.5870	320.0000
18.2000	18.1980	245.0000
15.4000	15.2990	20.0000
14.0000	13.9970	115.0000
15.8000	15.7810	175.0000
15.8000	15.7990	325.0000
18.4000	18.3980	65.0000
13.4000	13.3880	295.0000
16.1000	16.0930	115.0000
18.1000	18.0950	225.0000
16.8000	16.8030	45.0000
18.4000	18.3950	170.0000
18.3000	18.3360	100.0000
15.9000	15.9050	240.0000
15.4000	15.2820	22.5000
17.7000	17.6970	295.0000
13.4000	13.3430	300.0000
12.4000	13.0270	300.0000
14.1000	13.7610	305.0000
19.4000	19.4000	320.0000
16.1000	16.1240	230.0000
12.3000	12.2220	22.5000
14.4000	14.3870	290.0000
13.7000	13.4900	255.0000
17.3000	17.2980	320.0000
14.8000	14.7540	220.0000
19.2000	19.1990	250.0000
17.9000	17.9040	210.0000
15.7000	15.6960	180.0000
14.8000	14.8110	105.0000
19.3000	19.2970	215.0000
15.8000	15.8190	50.0000
15.6000	15.5930	325.0000
16.7000	16.6920	115.0000
17.8000	17.8400	130.0000
17.5000	17.4960	250.0000
12.6000	12.5510	95.0000
12.1000	12.1659	25.0000
16.0000	15.9900	155.0000
13.8000	13.5640	350.0000
12.9000	12.7590	160.0000
12.4000	12.5250	245.0000
18.9000	18.8990	290.0000
14.8000	14.7770	185.0000
17.2000	17.1970	205.0000
13.3000	13.3920	295.0000
14.2000	14.2180	200.0000
12.0000	12.2580	155.0000
17.8000	17.8380	120.0000
18.3000	18.3470	105.0000
19.4000	19.3960	115.0000
17.6000	17.5950	200.0000
14.8000	14.7950	165.0000
12.8000	12.5950	125.0000
16.1000	16.0980	160.0000
18.8000	18.7990	230.0000
14.0000	14.0620	200.0000
13.1000	12.9000	150.0000
13.0000	12.9506	55.0000
18.1000	18.0870	275.0000
15.2000	15.1610	305.0000
16.3000	16.2990	270.0000
13.0000	12.9071	40.0000
19.3000	19.2980	155.0000
17.4000	17.4540	35.0000
16.9000	16.9020	235.0000
17.2000	17.1910	190.0000
12.7000	12.7490	240.0000
12.2000	12.2060	22.5000
14.2000	14.2530	50.0000
15.3000	15.4100	55.0000
17.7000	17.7120	22.5000
14.3000	14.2130	335.0000
13.2000	13.0470	200.0000
18.3000	18.2920	175.0000
18.8000	18.8150	300.0000
16.5000	16.5200	35.0000
19.0000	19.0000	355.0000
16.2000	16.2070	330.0000
13.4000	13.3330	265.0000
15.3000	15.2620	105.0000
13.0000	12.8670	285.0000
13.1000	13.1010	285.0000
16.5000	16.5040	325.0000
17.5000	17.5240	125.0000
17.8000	17.7890	100.0000
12.3000	12.2730	105.0000
16.6000	16.5040	150.0000
18.8000	18.8250	120.0000
17.2000	17.2110	90.0000
15.5000	15.4930	150.0000
17.2000	17.1980	270.0000
16.6000	16.6090	240.0000
15.3000	15.3750	45.0000
17.4000	17.4030	235.0000
13.7000	13.7120	22.5000
16.2000	16.2140	340.0000
18.9000	18.9110	335.0000
12.7000	12.5650	310.0000
15.1000	15.0670	320.0000
16.6000	16.6110	105.0000
12.9000	12.7780	250.0000
14.5000	14.4870	220.0000
16.3000	16.3010	50.0000
16.3000	16.3070	345.0000
12.0000	12.3150	160.0000
16.9000	16.8980	105.0000
15.6000	15.5930	265.0000
14.1000	14.1150	235.0000
16.5000	16.4810	75.0000
13.1000	12.9610	205.0000
17.7000	17.6960	180.0000
17.4000	17.4520	40.0000
18.3000	18.3050	340.0000
13.5000	13.6090	335.0000
19.4000	19.4000	335.0000
17.3000	17.2800	175.0000
18.0000	18.0030	85.0000
12.5000	12.5920	260.0000
12.4000	12.6020	335.0000
18.8000	18.7970	270.0000
17.9000	17.9090	50.0000
18.7000	18.7110	125.0000
15.1000	15.1460	90.0000
15.6000	15.5950	300.0000
14.5000	14.4940	160.0000
13.8000	13.8460	25.0000
15.7000	15.7000	245.0000
18.4000	18.4040	330.0000
18.2000	18.2040	80.0000
18.1000	18.1000	190.0000
12.1000	12.8500	335.0000
18.1000	18.1020	325.0000
13.0000	12.8650	200.0000
14.7000	14.6960	180.0000
19.2000	19.2000	340.0000
17.8000	17.7910	290.0000
16.8000	16.8190	335.0000
13.2000	13.1210	255.0000
17.9000	17.9140	60.0000
14.4000	14.4020	120.0000
14.2000	14.1770	30.0000
16.0000	15.9890	50.0000
18.0000	18.0040	230.0000
17.3000	17.3760	35.0000
12.2000	12.4110	200.0000
13.6000	13.5100	250.0000
13.6000	13.5560	85.0000
12.1000	12.3620	225.0000
18.0000	18.0080	75.0000
18.1000	18.0930	245.0000
16.3000	16.3020	35.0000
16.0000	16.0010	340.0000
12.7000	12.6110	100.0000
12.4000	12.5660	145.0000
12.8000	13.0480	220.0000
19.3000	19.2780	40.0000
16.0000	16.0250	70.0000
15.6000	15.6160	25.0000
12.5000	12.4020	345.0000
19.1000	19.0990	265.0000
13.4000	13.3150	170.0000
17.7000	17.6950	275.0000
16.9000	16.8850	195.0000
16.4000	16.4010	325.0000
13.1000	13.0560	95.0000
18.0000	17.9990	260.0000
12.0000	12.3340	225.0000
15.0000	14.9650	305.0000
13.9000	13.6350	355.0000
12.6000	12.6740	175.0000
15.6000	15.6200	195.0000
12.1000	12.2260	90.0000
16.3000	16.3050	340.0000
17.6000	17.5910	255.0000
19.2000	19.2090	110.0000
18.8000	18.8030	90.0000
16.8000	16.7840	100.0000
16.8000	16.8130	135.0000
15.6000	15.6150	180.0000
12.1000	12.4060	355.0000
19.2000	19.2030	85.0000
12.1000	12.1830	65.0000
16.2000	16.2030	115.0000
17.4000	17.3920	170.0000
18.0000	18.0120	22.5000
13.1000	12.9530	125.0000
16.6000	16.5990	320.0000
