True_LogN	Predicted_LogN	True_Tex
18.4000	18.3520	360.0000
16.5000	16.4770	285.0000
13.6000	13.6130	215.0000
17.2000	17.1010	295.0000
19.3000	19.2170	195.0000
16.9000	16.9640	160.0000
16.6000	16.6790	185.0000
15.5000	15.3540	360.0000
15.7000	15.6850	175.0000
14.3000	14.1360	305.0000
17.2000	16.9920	375.0000
16.1000	16.3330	80.0000
14.2000	14.1000	225.0000
14.6000	14.4520	290.0000
18.3000	18.2610	170.0000
14.6000	14.4940	245.0000
17.2000	17.2850	170.0000
19.3000	19.2240	375.0000
18.2000	18.3710	115.0000
15.0000	14.7940	355.0000
17.6000	17.6890	145.0000
15.3000	15.2640	250.0000
16.5000	16.5350	255.0000
15.6000	15.6540	245.0000
17.9000	17.9520	325.0000
12.2000	12.5560	170.0000
16.4000	16.4300	150.0000
16.5000	16.5590	165.0000
16.9000	16.7020	370.0000
14.7000	14.6870	215.0000
15.3000	15.3630	140.0000
13.3000	12.7690	300.0000
16.5000	16.5050	215.0000
14.0000	14.0520	190.0000
16.5000	16.5810	200.0000
15.9000	15.9290	175.0000
14.3000	14.0650	355.0000
14.9000	15.0150	110.0000
14.9000	14.7260	320.0000
18.8000	18.8650	235.0000
18.6000	18.6650	115.0000
16.1000	16.3510	65.0000
13.0000	12.9620	95.0000
16.0000	15.8630	285.0000
13.3000	13.3790	200.0000
14.6000	14.7250	140.0000
16.9000	16.7870	335.0000
17.7000	17.7140	260.0000
13.0000	12.7040	335.0000
18.1000	18.3290	225.0000
16.2000	16.2510	250.0000
12.9000	12.8260	275.0000
18.6000	18.5820	85.0000
13.2000	13.0370	270.0000
17.4000	17.5170	215.0000
12.7000	12.4580	345.0000
15.3000	15.3940	100.0000
15.4000	15.4850	155.0000
14.5000	14.2770	315.0000
12.5000	12.4370	270.0000
15.3000	15.1150	320.0000
16.4000	16.6080	80.0000
17.5000	17.5800	215.0000
18.5000	18.5540	285.0000
13.3000	12.5480	275.0000
12.2000	12.4960	275.0000
15.2000	15.2840	175.0000
17.7000	17.7640	95.0000
12.0000	12.4060	80.0000
19.1000	19.0180	375.0000
14.5000	14.4270	270.0000
15.9000	15.9060	255.0000
16.2000	16.3660	140.0000
19.1000	19.2440	260.0000
15.4000	15.2840	360.0000
17.2000	17.2820	155.0000
13.5000	13.4020	150.0000
12.5000	12.3710	330.0000
12.5000	12.7050	180.0000
15.9000	15.8200	275.0000
14.2000	13.9880	365.0000
14.3000	14.4940	100.0000
19.4000	19.3230	290.0000
17.0000	17.0340	150.0000
14.9000	14.7380	315.0000
12.4000	12.3760	325.0000
12.6000	12.7370	135.0000
19.2000	19.1370	180.0000
13.5000	13.4850	160.0000
14.7000	14.8900	110.0000
14.8000	14.6660	265.0000
16.0000	16.0390	125.0000
16.5000	16.4610	315.0000
19.1000	19.1200	115.0000
12.9000	13.1240	205.0000
17.0000	17.0100	175.0000
12.4000	12.5520	200.0000
18.3000	18.2750	165.0000
14.9000	14.8270	220.0000
16.2000	16.0910	285.0000
18.7000	18.6590	270.0000
13.1000	13.3720	230.0000
19.2000	19.2410	205.0000
14.8000	14.8710	190.0000
15.7000	15.6710	270.0000
17.9000	17.9550	285.0000
18.1000	18.2150	75.0000
13.9000	14.3160	65.0000
13.0000	12.7470	135.0000
16.3000	16.1400	350.0000
12.9000	12.7790	135.0000
14.6000	14.8610	100.0000
16.8000	16.6250	375.0000
17.2000	17.0660	275.0000
16.9000	17.0460	110.0000
13.2000	13.2010	125.0000
16.2000	16.2550	230.0000
18.4000	18.4210	300.0000
14.6000	14.4040	340.0000
12.4000	12.7540	285.0000
14.4000	14.3250	265.0000
14.3000	14.2710	230.0000
15.8000	15.7220	325.0000
12.2000	12.4590	250.0000
17.3000	17.2390	280.0000
12.4000	12.5430	155.0000
17.7000	17.7740	245.0000
16.6000	16.7720	65.0000
13.5000	13.5670	130.0000
17.8000	17.7890	365.0000
13.6000	13.2730	250.0000
13.9000	14.1000	135.0000
12.5000	12.5570	215.0000
18.9000	18.9920	165.0000
16.2000	16.3580	135.0000
19.3000	19.1790	120.0000
17.0000	16.9840	200.0000
17.1000	17.0170	260.0000
13.2000	13.5320	85.0000
17.3000	17.2020	275.0000
12.7000	12.8940	260.0000
14.7000	14.5190	295.0000
14.1000	13.9590	265.0000
17.4000	17.4730	125.0000
19.1000	19.0480	135.0000
15.5000	15.3920	285.0000
18.9000	18.8370	100.0000
12.5000	12.6560	240.0000
12.5000	12.4160	200.0000
16.4000	16.6070	70.0000
17.5000	17.5630	265.0000
16.7000	16.7700	185.0000
13.3000	13.2530	195.0000
18.7000	18.8700	175.0000
19.1000	19.0960	95.0000
13.8000	14.0080	125.0000
13.5000	13.2690	215.0000
19.3000	19.2940	255.0000
15.9000	15.7730	315.0000
16.1000	16.1820	125.0000
12.4000	12.4960	175.0000
19.0000	19.0330	75.0000
15.1000	14.9030	310.0000
13.9000	14.1770	90.0000
13.0000	12.5970	310.0000
13.6000	13.9240	75.0000
18.8000	18.7310	90.0000
15.7000	15.7420	150.0000
14.6000	14.6160	160.0000
16.8000	16.6860	335.0000
15.9000	15.9010	125.0000
18.4000	18.4060	270.0000
12.4000	12.6610	95.0000
12.5000	12.5360	105.0000
13.1000	13.0990	160.0000
15.6000	15.4550	355.0000
12.3000	12.8440	195.0000
15.8000	15.7610	270.0000
17.7000	17.5770	355.0000
17.0000	16.8850	320.0000
18.4000	18.3150	365.0000
12.2000	12.5240	115.0000
18.4000	18.2740	180.0000
14.9000	14.8180	310.0000
12.9000	12.4340	320.0000
19.4000	19.2190	220.0000
17.0000	16.8930	345.0000
13.2000	13.4620	100.0000
12.3000	12.4700	150.0000
13.5000	13.4250	240.0000
16.2000	16.2260	260.0000
16.2000	16.2800	180.0000
12.3000	12.7650	190.0000
16.4000	16.4340	235.0000
18.2000	18.0750	150.0000
13.0000	12.7110	195.0000
18.4000	18.4350	220.0000
14.3000	14.1400	315.0000
18.9000	18.8820	105.0000
12.5000	12.4250	255.0000
14.4000	14.4380	170.0000
16.4000	16.5260	195.0000
16.6000	16.7140	145.0000
12.9000	13.3830	100.0000
12.6000	12.8010	115.0000
17.8000	17.7730	195.0000
14.3000	14.4600	115.0000
19.2000	19.1690	115.0000
15.0000	14.7870	325.0000
14.1000	14.2390	165.0000
16.6000	16.6830	220.0000
13.7000	13.5280	205.0000
13.6000	13.6080	145.0000
12.8000	12.9030	170.0000
12.1000	12.5100	95.0000
14.1000	14.2700	130.0000
16.3000	16.3850	165.0000
15.3000	15.1990	350.0000
14.5000	14.7280	105.0000
12.5000	12.7770	275.0000
19.0000	18.8910	345.0000
12.5000	12.3970	90.0000
17.7000	17.7980	320.0000
18.4000	18.5680	135.0000
16.9000	16.8340	280.0000
14.4000	14.3870	190.0000
14.0000	14.0440	180.0000
13.0000	13.0500	320.0000
12.5000	12.4730	250.0000
15.5000	15.6350	90.0000
16.7000	16.8240	130.0000
18.8000	18.7960	265.0000
16.3000	16.4310	175.0000
18.7000	18.6770	70.0000
16.7000	16.6900	260.0000
17.0000	17.0440	120.0000
12.8000	12.7700	110.0000
13.7000	13.6750	155.0000
17.2000	17.1080	320.0000
12.7000	12.7710	170.0000
15.4000	15.2920	365.0000
15.0000	15.1320	95.0000
15.7000	15.7800	205.0000
19.0000	18.9390	140.0000
14.3000	14.1120	375.0000
15.1000	15.1640	155.0000
12.8000	12.6610	160.0000
15.6000	15.5370	350.0000
13.9000	13.9200	195.0000
18.9000	19.1050	160.0000
16.4000	16.3600	335.0000
19.1000	19.1210	120.0000
14.8000	14.8520	130.0000
12.3000	12.5010	250.0000
19.2000	18.9350	355.0000
16.5000	16.7130	80.0000
13.6000	13.4290	245.0000
19.0000	19.1790	190.0000
18.4000	18.3860	175.0000
17.6000	17.5510	350.0000
15.4000	15.4120	200.0000
13.7000	13.6970	265.0000
18.5000	18.5310	170.0000
15.1000	15.1270	160.0000
18.2000	18.1440	285.0000
13.1000	12.5210	360.0000
14.9000	14.8970	225.0000
14.2000	14.1470	210.0000
14.2000	14.4050	120.0000
14.3000	14.4170	170.0000
16.6000	16.5010	305.0000
15.1000	14.8670	375.0000
18.0000	17.9350	105.0000
16.7000	16.5850	375.0000
17.2000	17.0380	355.0000
18.7000	18.4540	290.0000
14.7000	14.6630	270.0000
14.7000	14.4140	365.0000
13.7000	13.7720	185.0000
14.9000	15.0540	100.0000
12.1000	12.4580	180.0000
15.5000	15.5970	165.0000
13.3000	13.3660	135.0000
19.4000	19.3140	330.0000
13.0000	12.5670	265.0000
13.3000	13.1230	205.0000
18.0000	17.9370	270.0000
18.7000	18.8400	165.0000
15.0000	14.7780	370.0000
19.1000	19.1790	275.0000
16.6000	16.8020	75.0000
15.7000	15.6320	315.0000
15.6000	15.4440	370.0000
13.0000	12.7370	260.0000
12.7000	12.7270	70.0000
18.4000	18.3290	355.0000
19.2000	18.9750	65.0000
14.6000	14.5820	195.0000
18.2000	18.3040	195.0000
14.7000	14.8130	115.0000
17.5000	17.4820	290.0000
14.9000	14.7500	330.0000
16.8000	16.8320	215.0000
13.8000	14.0050	90.0000
18.1000	18.3090	100.0000
13.5000	13.7140	115.0000
17.7000	17.7540	315.0000
17.1000	17.0510	200.0000
12.0000	12.4410	190.0000
13.8000	13.9250	155.0000
19.0000	19.1110	210.0000
13.5000	13.7190	120.0000
12.2000	12.7480	225.0000
19.0000	19.1140	100.0000
14.8000	14.6230	370.0000
18.9000	18.7830	370.0000
13.4000	13.4990	270.0000
15.6000	15.4980	130.0000
17.4000	17.3290	305.0000
15.8000	15.7530	285.0000
14.8000	14.9270	70.0000
18.2000	18.0900	65.0000
14.8000	14.7610	235.0000
18.0000	17.9800	160.0000
19.0000	19.0490	260.0000
15.5000	15.5590	220.0000
16.8000	16.8950	185.0000
19.2000	19.1650	195.0000
18.3000	18.3310	190.0000
16.4000	16.5600	95.0000
16.9000	16.8340	175.0000
18.8000	18.8460	180.0000
14.9000	15.0830	80.0000
12.3000	12.6700	110.0000
14.1000	14.0280	225.0000
13.3000	12.7030	325.0000
17.5000	17.5170	130.0000
17.4000	17.5030	120.0000
17.9000	17.6750	85.0000
17.2000	17.0620	345.0000
17.0000	16.9690	300.0000
16.3000	16.2550	335.0000
14.0000	13.8220	315.0000
12.7000	12.5030	235.0000
13.9000	13.5110	375.0000
12.7000	13.0020	95.0000
17.8000	17.7400	85.0000
16.5000	16.7200	70.0000
15.9000	15.8990	260.0000
18.9000	19.0890	190.0000
12.5000	12.6550	175.0000
17.1000	17.0360	265.0000
19.0000	19.1100	235.0000
12.3000	12.4690	240.0000
16.3000	16.5960	70.0000
12.7000	12.5270	80.0000
13.3000	13.0880	220.0000
18.4000	18.0450	350.0000
17.4000	17.4570	230.0000
17.9000	18.0050	135.0000
17.5000	17.4200	150.0000
13.1000	12.8450	270.0000
13.8000	13.4300	305.0000
17.4000	17.2850	315.0000
13.0000	12.4880	365.0000
16.1000	16.1430	205.0000
15.6000	15.5080	320.0000
17.9000	17.8780	215.0000
18.4000	18.3810	160.0000
18.3000	18.3190	235.0000
13.3000	13.4150	115.0000
16.3000	16.5640	80.0000
12.2000	12.4980	195.0000
15.9000	15.8640	300.0000
16.3000	16.3430	145.0000
18.2000	18.2930	250.0000
15.0000	14.9930	285.0000
14.6000	14.4550	250.0000
14.4000	14.3370	250.0000
19.4000	19.2740	230.0000
17.3000	17.0710	375.0000
18.7000	18.8480	145.0000
18.0000	18.0070	360.0000
12.5000	12.7400	260.0000
14.8000	14.6380	355.0000
13.3000	13.1570	260.0000
16.4000	16.3220	305.0000
17.5000	17.5030	140.0000
13.8000	13.8910	145.0000
16.0000	16.1470	170.0000
18.8000	18.8220	215.0000
17.1000	17.2120	95.0000
12.9000	12.4040	265.0000
15.4000	15.5270	105.0000
16.8000	16.6630	280.0000
16.8000	16.6150	315.0000
18.2000	18.2650	260.0000
19.4000	19.3240	300.0000
13.7000	13.5720	295.0000
14.8000	14.9590	90.0000
17.4000	17.2730	355.0000
13.7000	13.5140	365.0000
16.7000	16.6230	290.0000
16.8000	16.7040	300.0000
17.1000	17.2360	100.0000
14.0000	14.2100	90.0000
17.1000	17.1650	130.0000
12.7000	12.4300	315.0000
16.5000	16.4560	265.0000
16.2000	16.1630	345.0000
16.7000	16.6990	175.0000
12.9000	12.9390	115.0000
14.5000	14.4220	290.0000
12.2000	12.3840	350.0000
17.7000	17.8350	140.0000
18.2000	18.2890	220.0000
19.3000	19.1930	135.0000
13.4000	13.6230	150.0000
18.5000	18.5760	115.0000
16.9000	16.7730	350.0000
15.6000	15.6120	200.0000
18.3000	18.2450	185.0000
15.0000	14.6340	375.0000
12.8000	12.5050	200.0000
14.8000	14.6170	365.0000
17.9000	17.8740	205.0000
14.1000	14.2050	140.0000
17.7000	17.8780	105.0000
16.2000	16.2690	205.0000
14.2000	14.3710	130.0000
17.1000	17.0340	275.0000
18.6000	18.6180	230.0000
16.0000	15.8210	375.0000
16.5000	16.6750	105.0000
14.0000	14.3290	70.0000
17.0000	16.8870	335.0000
17.4000	17.4740	165.0000
14.7000	14.5640	280.0000
13.1000	12.8030	240.0000
16.4000	16.5470	90.0000
19.1000	19.1040	155.0000
19.1000	19.0610	145.0000
16.0000	16.0280	225.0000
13.8000	13.9440	130.0000
12.0000	12.4720	375.0000
17.9000	17.7810	105.0000
19.2000	19.0530	345.0000
16.3000	16.4020	205.0000
12.8000	12.6350	355.0000
17.3000	17.2980	235.0000
18.2000	18.2500	190.0000
16.0000	16.2070	75.0000
18.4000	18.3460	65.0000
19.4000	19.1950	105.0000
17.4000	17.3180	340.0000
17.4000	17.4030	155.0000
13.7000	13.8980	100.0000
14.2000	14.1580	260.0000
15.6000	15.7160	70.0000
16.4000	16.4890	180.0000
18.3000	18.2690	365.0000
18.3000	18.3760	275.0000
12.5000	12.6790	310.0000
16.6000	16.6320	225.0000
17.4000	17.4430	280.0000
12.4000	12.4590	225.0000
17.4000	17.4210	200.0000
16.7000	16.8380	105.0000
17.2000	17.4050	70.0000
18.8000	18.8720	155.0000
19.3000	19.3100	330.0000
12.6000	12.3520	320.0000
15.7000	15.6060	345.0000
13.7000	13.6680	225.0000
13.5000	12.7470	370.0000
16.5000	16.5740	145.0000
17.6000	17.6490	245.0000
18.8000	18.7050	95.0000
14.9000	14.7280	335.0000
12.0000	12.4950	365.0000
15.6000	15.5680	135.0000
18.8000	18.8090	125.0000
18.9000	19.0500	200.0000
17.9000	17.9740	165.0000
15.6000	15.6900	175.0000
15.1000	14.9160	370.0000
16.9000	16.8920	290.0000
12.2000	12.7390	70.0000
18.6000	18.5830	340.0000
13.7000	13.6200	235.0000
18.8000	18.9090	140.0000
12.2000	12.4970	325.0000
16.9000	16.8960	225.0000
16.2000	16.2780	190.0000
12.2000	12.5600	145.0000
14.4000	14.1840	325.0000
18.6000	18.6210	295.0000
15.1000	15.1700	180.0000
18.0000	17.9360	290.0000
15.9000	15.8270	325.0000
16.6000	16.5050	330.0000
13.8000	13.9920	120.0000
17.2000	17.3760	135.0000
15.0000	15.0480	135.0000
16.9000	17.0550	115.0000
13.9000	13.7570	310.0000
16.8000	16.9460	150.0000
15.4000	15.5360	75.0000
14.1000	14.0760	240.0000
12.2000	12.4660	355.0000
14.8000	14.7060	275.0000
13.8000	14.0160	105.0000
18.0000	18.0280	295.0000
12.9000	12.6500	145.0000
17.3000	17.3130	95.0000
14.2000	14.1670	245.0000
14.3000	14.1700	325.0000
18.2000	18.2810	85.0000
18.5000	18.5400	290.0000
19.3000	19.1740	115.0000
18.8000	18.7160	310.0000
13.6000	13.6050	225.0000
19.1000	18.9810	350.0000
12.4000	12.4510	365.0000
15.4000	15.4160	90.0000
12.7000	12.8330	150.0000
16.4000	16.3480	290.0000
17.7000	17.6490	280.0000
18.2000	18.3100	215.0000
16.8000	16.7860	275.0000
17.3000	17.4130	150.0000
16.3000	16.3450	190.0000
12.0000	12.8050	315.0000
12.3000	12.6760	125.0000
13.3000	12.6250	335.0000
12.3000	12.7540	315.0000
17.8000	18.0020	145.0000
15.2000	15.0400	350.0000
13.3000	13.4520	155.0000
16.2000	16.1740	255.0000
16.0000	15.9900	260.0000
13.9000	13.9310	215.0000
16.3000	16.2480	310.0000
16.0000	16.1090	95.0000
15.0000	15.0090	145.0000
12.2000	12.6100	80.0000
12.1000	12.4380	255.0000
18.3000	18.2650	255.0000
14.5000	14.7180	110.0000
18.5000	18.4400	230.0000
16.5000	16.6610	100.0000
14.3000	14.1570	265.0000
18.3000	18.3870	95.0000
16.9000	17.1510	90.0000
18.1000	18.2180	180.0000
12.1000	12.6280	65.0000
18.3000	18.2970	315.0000
13.2000	12.8040	255.0000
18.5000	18.4350	80.0000
14.1000	13.8980	350.0000
18.7000	18.6030	335.0000
12.4000	12.4690	215.0000
13.5000	13.7780	90.0000
18.1000	18.1510	135.0000
14.5000	14.3760	335.0000
12.9000	12.7110	350.0000
14.7000	14.4900	375.0000
13.4000	13.3630	305.0000
15.6000	15.5300	275.0000
12.1000	12.3780	85.0000
12.8000	12.6790	210.0000
12.3000	12.5410	265.0000
15.8000	15.9410	70.0000
12.6000	12.8150	200.0000
12.5000	12.6690	355.0000
17.8000	17.7990	335.0000
13.2000	13.4320	90.0000
17.2000	17.1630	255.0000
18.1000	18.1150	150.0000
13.0000	12.7350	325.0000
17.8000	17.8180	180.0000
12.6000	12.4030	265.0000
15.9000	15.8420	205.0000
16.4000	16.2600	355.0000
17.2000	17.0880	260.0000
12.9000	12.8510	120.0000
15.7000	15.6820	290.0000
13.9000	13.7390	250.0000
16.5000	16.3780	350.0000
18.2000	18.1880	305.0000
13.5000	13.1380	325.0000
15.7000	15.8950	65.0000
16.6000	16.4230	340.0000
13.9000	14.2650	100.0000
13.2000	12.9130	200.0000
19.1000	19.0760	75.0000
18.7000	18.5860	245.0000
17.9000	17.9850	270.0000
18.3000	18.3810	125.0000
17.6000	17.5500	265.0000
12.3000	12.5390	145.0000
16.3000	16.3190	295.0000
16.0000	15.8450	360.0000
14.2000	13.9950	315.0000
12.2000	12.4760	270.0000
15.7000	15.6310	360.0000
15.7000	15.6800	285.0000
18.7000	18.8030	170.0000
17.7000	17.8580	135.0000
17.3000	17.4060	110.0000
14.4000	14.1630	360.0000
16.4000	16.4380	225.0000
17.2000	17.2320	205.0000
13.3000	12.7210	340.0000
18.0000	18.1860	180.0000
17.1000	17.0110	305.0000
13.8000	13.5220	280.0000
14.5000	14.3580	300.0000
18.7000	18.7250	130.0000
15.4000	15.4970	95.0000
17.1000	17.0820	225.0000
18.1000	18.0810	245.0000
16.7000	16.6880	275.0000
12.5000	12.4680	340.0000
18.6000	18.5510	90.0000
14.2000	14.0670	360.0000
15.8000	15.7650	200.0000
12.1000	12.4730	240.0000
13.5000	13.6460	75.0000
16.2000	16.1000	350.0000
12.7000	12.4910	305.0000
14.4000	14.2560	315.0000
12.5000	12.5170	230.0000
16.9000	17.0590	75.0000
12.9000	12.5630	250.0000
18.4000	18.5550	110.0000
13.5000	13.8840	80.0000
17.7000	17.7110	150.0000
14.2000	14.5610	75.0000
13.8000	13.6770	310.0000
15.0000	15.0180	85.0000
12.7000	12.8700	145.0000
14.6000	14.4570	320.0000
19.2000	19.0770	360.0000
16.6000	16.8060	110.0000
16.7000	16.7390	210.0000
16.5000	16.3470	365.0000
18.6000	18.6060	250.0000
14.2000	14.0790	270.0000
13.0000	12.8740	180.0000
17.7000	17.7050	190.0000
12.3000	12.7230	175.0000
18.8000	18.7270	100.0000
16.3000	16.4000	135.0000
13.1000	12.9690	190.0000
14.1000	14.4450	105.0000
17.6000	17.6080	155.0000
18.4000	18.4900	105.0000
12.2000	12.5120	370.0000
16.9000	16.9640	165.0000
17.1000	16.9970	355.0000
15.8000	15.7270	320.0000
16.4000	16.4120	170.0000
15.8000	15.9080	85.0000
19.0000	19.0240	310.0000
13.3000	13.3520	130.0000
14.3000	14.2740	240.0000
17.7000	17.7780	165.0000
19.1000	19.0100	340.0000
18.9000	18.9240	135.0000
14.5000	14.6240	140.0000
19.4000	19.3270	335.0000
15.2000	15.0380	325.0000
13.4000	12.9990	240.0000
19.3000	19.2240	210.0000
17.9000	18.0480	145.0000
14.6000	14.6990	150.0000
15.4000	15.2550	335.0000
16.1000	16.1830	210.0000
12.1000	12.4860	110.0000
15.3000	15.3400	90.0000
12.1000	12.5770	290.0000
15.7000	15.6850	260.0000
14.0000	14.0590	185.0000
16.1000	16.0040	370.0000
12.8000	12.5230	130.0000
13.4000	13.4180	200.0000
14.6000	14.4360	295.0000
12.4000	12.9040	75.0000
14.5000	14.3300	330.0000
13.4000	13.5400	115.0000
12.4000	12.5710	80.0000
13.9000	13.7970	305.0000
19.0000	19.0700	240.0000
12.9000	12.8870	155.0000
13.2000	12.9030	180.0000
14.0000	14.0570	210.0000
17.7000	17.7710	70.0000
13.0000	12.4840	330.0000
12.0000	12.4750	340.0000
14.3000	14.3540	205.0000
16.7000	16.7060	190.0000
13.3000	12.9860	215.0000
17.9000	17.8650	75.0000
15.7000	15.8120	95.0000
12.2000	12.3890	200.0000
12.5000	12.4820	235.0000
14.7000	14.5350	300.0000
15.2000	15.0900	335.0000
14.3000	14.1690	260.0000
16.0000	16.0650	215.0000
14.4000	14.5750	105.0000
14.3000	14.0890	345.0000
19.1000	19.1610	90.0000
16.1000	16.1680	110.0000
16.3000	16.2280	265.0000
17.8000	17.7450	275.0000
16.4000	16.2730	370.0000
19.3000	19.2360	360.0000
18.2000	18.1860	340.0000
15.0000	14.7680	350.0000
12.8000	12.9160	75.0000
17.2000	17.2750	150.0000
14.4000	14.5500	165.0000
14.0000	14.3410	80.0000
16.9000	16.7730	315.0000
12.1000	12.4850	195.0000
16.1000	15.9060	275.0000
14.3000	14.1280	275.0000
18.9000	18.8130	335.0000
14.0000	13.9890	215.0000
15.5000	15.6170	95.0000
19.4000	19.3260	340.0000
16.7000	16.6160	340.0000
12.2000	12.4930	90.0000
19.0000	18.8890	370.0000
17.0000	17.1390	80.0000
13.6000	13.9210	110.0000
15.2000	15.1950	250.0000
12.4000	12.5710	375.0000
12.7000	12.5020	185.0000
17.8000	17.8160	175.0000
18.9000	19.0240	90.0000
14.0000	14.2910	105.0000
17.3000	17.3090	170.0000
15.0000	14.8260	265.0000
13.3000	12.9040	345.0000
19.2000	19.1940	165.0000
12.6000	12.8460	105.0000
18.5000	18.5330	70.0000
18.1000	18.1770	230.0000
15.7000	15.6600	250.0000
16.7000	16.6130	250.0000
12.3000	12.6070	85.0000
12.3000	12.4320	350.0000
12.2000	12.8550	110.0000
18.6000	18.7200	170.0000
17.3000	17.3890	250.0000
14.2000	14.2530	180.0000
15.4000	15.2540	375.0000
15.5000	15.6000	180.0000
12.4000	12.4510	220.0000
18.6000	18.6020	195.0000
16.3000	16.2800	300.0000
16.1000	16.0290	270.0000
18.2000	18.1160	175.0000
15.7000	15.6680	265.0000
15.4000	15.3850	185.0000
15.8000	15.8090	230.0000
14.2000	14.2600	200.0000
15.4000	15.2680	300.0000
17.1000	16.9750	375.0000
12.6000	12.8920	90.0000
16.4000	16.4760	160.0000
13.0000	12.8780	120.0000
12.3000	12.6030	95.0000
17.2000	17.2180	190.0000
12.7000	12.9200	360.0000
12.2000	12.7820	135.0000
13.4000	13.0040	255.0000
18.0000	18.1720	70.0000
18.0000	18.0610	335.0000
19.0000	19.1480	225.0000
16.5000	16.5970	130.0000
17.9000	17.8770	375.0000
15.4000	15.4770	110.0000
17.5000	17.6770	110.0000
15.5000	15.5850	125.0000
13.0000	12.7920	250.0000
14.6000	14.6040	260.0000
14.2000	14.2400	215.0000
13.5000	12.9950	315.0000
12.6000	12.6330	120.0000
19.4000	19.0350	70.0000
13.8000	14.0780	110.0000
16.0000	15.9070	325.0000
18.0000	18.2020	195.0000
18.4000	18.3190	195.0000
12.9000	12.4590	315.0000
18.3000	18.3390	260.0000
17.6000	17.7390	175.0000
16.6000	16.5750	315.0000
15.5000	15.5130	245.0000
18.1000	18.0140	110.0000
19.1000	19.0690	290.0000
13.0000	12.8610	105.0000
17.5000	17.6710	80.0000
12.7000	12.4880	280.0000
13.6000	13.5000	230.0000
12.5000	12.4470	365.0000
18.3000	18.2620	360.0000
19.2000	19.2190	220.0000
16.0000	16.0390	135.0000
17.1000	17.0920	245.0000
17.7000	17.6250	290.0000
17.9000	17.9250	310.0000
14.8000	14.7380	315.0000
13.1000	12.8830	245.0000
13.4000	12.9650	260.0000
12.0000	12.5610	240.0000
13.2000	12.6610	220.0000
19.0000	19.0290	70.0000
18.6000	18.7480	165.0000
15.0000	15.0940	110.0000
13.5000	13.6810	95.0000
17.7000	17.8630	125.0000
18.4000	18.5610	115.0000
17.5000	17.5010	360.0000
12.5000	12.5810	155.0000
12.0000	12.6220	135.0000
12.2000	12.4850	375.0000
15.8000	15.7910	110.0000
15.2000	15.2850	225.0000
15.4000	15.2540	370.0000
17.4000	17.4780	115.0000
18.6000	18.6900	120.0000
12.2000	12.4540	335.0000
17.8000	17.8530	200.0000
16.5000	16.6750	115.0000
14.2000	14.0480	280.0000
16.4000	16.6210	75.0000
18.4000	18.4790	255.0000
15.6000	15.5640	260.0000
17.8000	17.7860	375.0000
15.1000	14.9620	320.0000
15.6000	15.6780	105.0000
12.6000	12.6600	280.0000
18.7000	18.6990	120.0000
19.0000	18.8770	375.0000
19.0000	19.0150	110.0000
16.0000	15.8670	245.0000
18.4000	18.4620	155.0000
15.8000	15.8010	250.0000
17.5000	17.5250	185.0000
13.7000	13.4050	320.0000
16.0000	16.1100	150.0000
16.3000	16.2540	325.0000
13.1000	12.9740	130.0000
15.9000	15.7650	375.0000
17.4000	17.5250	65.0000
14.6000	14.7600	135.0000
12.1000	12.6490	220.0000
13.0000	12.4900	295.0000
12.7000	12.5520	355.0000
16.8000	16.9810	110.0000
14.6000	14.5420	255.0000
16.5000	16.3860	370.0000
14.7000	14.8060	125.0000
13.1000	12.7590	345.0000
15.3000	15.2960	220.0000
12.4000	12.7300	85.0000
14.0000	14.2910	85.0000
14.3000	14.6180	65.0000
17.0000	17.1110	140.0000
13.6000	13.9780	65.0000
18.6000	18.6370	225.0000
14.7000	14.7120	225.0000
17.7000	17.7350	90.0000
18.8000	18.9340	230.0000
12.0000	12.4830	280.0000
18.5000	18.5570	360.0000
16.3000	16.3410	225.0000
16.2000	16.2170	110.0000
12.7000	12.3910	265.0000
16.4000	16.3580	285.0000
14.4000	14.6390	70.0000
13.4000	13.5230	120.0000
18.0000	18.0880	275.0000
16.1000	16.0880	325.0000
14.2000	14.1650	230.0000
14.6000	14.4790	270.0000
15.7000	15.7010	225.0000
13.9000	14.0530	165.0000
13.5000	13.2300	230.0000
13.4000	13.0930	340.0000
15.8000	15.8780	105.0000
14.7000	14.8240	90.0000
17.3000	17.4070	200.0000
13.5000	13.6580	105.0000
12.1000	12.6660	300.0000
19.4000	19.2010	95.0000
15.0000	14.9420	270.0000
15.4000	15.3650	290.0000
14.6000	14.6400	165.0000
18.6000	18.6500	200.0000
13.0000	13.4190	70.0000
17.8000	17.8510	170.0000
16.0000	16.0720	185.0000
17.7000	17.6050	65.0000
14.2000	13.9200	370.0000
16.3000	16.5380	90.0000
18.0000	18.0630	355.0000
16.2000	16.2400	240.0000
16.9000	16.8990	220.0000
13.5000	13.3670	205.0000
17.8000	17.8150	265.0000
15.1000	15.1010	205.0000
15.4000	15.3760	285.0000
18.8000	18.8850	205.0000
17.3000	17.1870	340.0000
18.8000	18.7880	330.0000
14.6000	14.4470	280.0000
15.9000	15.7950	335.0000
14.0000	13.9780	220.0000
12.0000	12.4270	200.0000
12.2000	12.4600	65.0000
13.0000	13.2040	150.0000
16.6000	16.5660	240.0000
13.3000	13.0610	285.0000
17.2000	17.2570	230.0000
15.9000	15.8400	270.0000
12.3000	12.4590	215.0000
14.5000	14.4280	210.0000
18.1000	18.1360	250.0000
12.1000	12.8300	130.0000
12.4000	12.4640	300.0000
19.1000	19.1540	175.0000
13.4000	13.6350	80.0000
16.2000	16.3700	95.0000
15.9000	15.8830	150.0000
12.2000	12.6210	140.0000
12.6000	12.5960	170.0000
15.6000	15.4980	325.0000
17.3000	17.3700	180.0000
16.6000	16.7030	155.0000
13.3000	13.5190	150.0000
18.7000	18.7970	190.0000
15.7000	15.6490	305.0000
13.6000	13.4850	210.0000
14.9000	15.0180	115.0000
15.7000	15.7930	160.0000
13.9000	13.8320	240.0000
18.1000	17.9950	130.0000
15.2000	15.1980	280.0000
18.7000	18.5410	235.0000
19.3000	19.1610	100.0000
13.5000	13.0560	375.0000
18.3000	18.2300	200.0000
16.3000	16.4740	100.0000
17.6000	17.6740	75.0000
15.0000	14.8720	340.0000
13.9000	13.6920	285.0000
17.4000	17.6420	70.0000
19.4000	19.1950	135.0000
19.2000	19.2800	280.0000
16.3000	16.2420	330.0000
13.1000	12.8840	235.0000
12.1000	12.5210	250.0000
17.1000	17.2170	125.0000
13.9000	14.2420	80.0000
12.6000	12.5100	140.0000
16.4000	16.4450	130.0000
17.1000	17.1400	120.0000
17.4000	17.3230	285.0000
18.0000	18.0080	225.0000
13.1000	12.6100	170.0000
17.8000	17.7140	340.0000
17.2000	17.2920	165.0000
18.9000	19.0300	220.0000
18.8000	18.8300	285.0000
17.5000	17.4610	335.0000
18.0000	18.0210	265.0000
17.4000	17.5700	240.0000
18.0000	18.1040	150.0000
13.8000	13.8300	140.0000
14.1000	14.1740	190.0000
12.0000	12.5280	180.0000
15.6000	15.7360	85.0000
19.0000	18.9940	320.0000
12.4000	12.7650	335.0000
18.9000	18.9890	185.0000
17.0000	17.1130	165.0000
18.1000	18.0680	365.0000
18.7000	18.6000	275.0000
14.3000	14.1490	290.0000
12.2000	12.4380	165.0000
12.1000	12.4300	305.0000
16.4000	16.5030	155.0000
18.8000	18.7190	260.0000
15.4000	15.5370	65.0000
16.6000	16.5180	310.0000
15.3000	15.4930	80.0000
17.4000	17.6400	90.0000
17.6000	17.7570	120.0000
14.5000	14.4760	190.0000
14.4000	14.3670	240.0000
14.8000	14.7710	180.0000
16.1000	15.9810	300.0000
13.4000	13.7760	70.0000
12.7000	12.8610	155.0000
13.8000	13.7850	185.0000
16.2000	16.2490	195.0000
14.6000	14.7360	115.0000
12.8000	12.6930	365.0000
16.9000	16.6930	310.0000
13.2000	13.3990	70.0000
12.6000	12.8160	145.0000
13.5000	13.4850	220.0000
16.1000	16.1060	130.0000
14.1000	13.9790	320.0000
18.0000	18.0830	65.0000
17.3000	17.1820	335.0000
14.8000	14.6770	270.0000
15.2000	15.2500	120.0000
15.4000	15.4740	170.0000
18.5000	18.3380	185.0000
12.8000	12.4200	320.0000
14.5000	14.6740	90.0000
17.5000	17.5170	235.0000
17.7000	17.6340	310.0000
19.0000	19.0360	245.0000
19.2000	19.2750	295.0000
17.9000	18.0170	290.0000
19.0000	18.9480	125.0000
13.0000	12.7170	360.0000
12.2000	12.5670	130.0000
12.6000	12.4780	65.0000
16.4000	16.3790	275.0000
13.4000	13.8470	100.0000
17.5000	17.5940	255.0000
16.5000	16.5240	160.0000
14.7000	14.5490	330.0000
17.2000	17.0380	290.0000
18.0000	18.0020	120.0000
17.4000	17.5550	75.0000
13.3000	13.0170	185.0000
19.3000	19.2760	235.0000
14.5000	14.6250	170.0000
17.0000	16.8530	370.0000
18.0000	18.0110	365.0000
19.3000	19.3290	305.0000
16.0000	16.1540	90.0000
16.0000	16.0430	130.0000
15.7000	15.7700	155.0000
12.6000	12.7720	215.0000
19.3000	19.1740	85.0000
17.3000	17.3100	245.0000
19.2000	19.1650	325.0000
17.6000	17.6350	130.0000
14.9000	14.8480	260.0000
17.9000	17.9470	220.0000
15.5000	15.4540	205.0000
12.6000	12.5460	205.0000
12.1000	12.3970	75.0000
16.1000	16.1920	190.0000
17.8000	18.0110	125.0000
13.4000	12.9490	280.0000
12.9000	13.0120	75.0000
19.0000	19.0770	90.0000
16.2000	16.2820	215.0000
18.3000	18.2570	330.0000
17.2000	17.1070	270.0000
18.4000	18.4690	320.0000
18.9000	19.0070	230.0000
12.7000	12.6510	110.0000
18.6000	18.6710	275.0000
15.8000	15.7120	305.0000
13.7000	13.2810	355.0000
16.3000	16.3540	140.0000
13.8000	13.7980	170.0000
15.9000	15.8770	295.0000
16.2000	16.1520	265.0000
14.9000	14.7290	360.0000
17.9000	17.9470	320.0000
15.0000	15.0670	120.0000
16.9000	16.9130	210.0000
15.9000	16.0170	220.0000
18.7000	18.6850	220.0000
15.2000	15.0380	365.0000
13.8000	13.7720	240.0000
12.9000	12.7430	305.0000
19.3000	19.2820	270.0000
13.8000	13.7120	335.0000
16.2000	16.2470	245.0000
17.9000	17.9470	260.0000
12.6000	12.8520	150.0000
18.8000	18.8700	130.0000
16.9000	16.8360	325.0000
15.2000	15.3180	100.0000
15.1000	14.9910	275.0000
18.9000	18.9580	145.0000
16.8000	16.6700	175.0000
13.4000	12.8770	245.0000
16.3000	16.5370	75.0000
16.6000	16.5550	270.0000
15.3000	15.4560	150.0000
15.1000	15.0080	250.0000
12.5000	12.8840	115.0000
15.2000	15.2790	155.0000
16.2000	16.1110	375.0000
15.3000	15.3560	125.0000
14.0000	14.1720	110.0000
13.5000	13.4310	135.0000
18.6000	18.6240	320.0000
12.9000	12.5370	255.0000
13.1000	13.0220	215.0000
13.3000	12.7150	330.0000
17.4000	17.3700	255.0000
14.7000	14.5460	305.0000
18.4000	18.4030	210.0000
16.3000	16.3150	245.0000
17.1000	17.0570	320.0000
14.1000	14.0970	180.0000
13.1000	12.5360	350.0000
15.9000	15.9760	135.0000
14.8000	14.5420	320.0000
13.8000	14.1330	70.0000
18.4000	18.3090	375.0000
14.9000	14.8560	275.0000
17.4000	17.3430	345.0000
16.9000	16.6970	375.0000
18.5000	18.5620	295.0000
16.4000	16.3910	270.0000
15.5000	15.3360	370.0000
15.3000	15.3300	175.0000
19.2000	19.1700	175.0000
14.5000	14.6270	120.0000
12.3000	12.6080	170.0000
15.8000	15.7790	275.0000
16.9000	16.8230	295.0000
13.8000	13.6970	205.0000
17.5000	17.5480	180.0000
14.0000	14.1700	140.0000
14.4000	14.4760	175.0000
17.5000	17.5600	270.0000
14.8000	14.8020	120.0000
13.0000	12.8790	305.0000
19.2000	19.1580	155.0000
17.1000	17.0090	250.0000
19.3000	19.2110	170.0000
14.1000	14.0950	215.0000
16.2000	16.4890	75.0000
18.0000	18.0580	370.0000
16.5000	16.4740	175.0000
13.4000	13.3620	205.0000
16.2000	16.1360	280.0000
13.8000	13.4920	340.0000
16.0000	15.9840	315.0000
12.4000	12.8680	245.0000
12.2000	12.5400	245.0000
13.1000	13.3860	80.0000
13.4000	13.1470	345.0000
17.9000	18.0550	150.0000
12.4000	12.7950	165.0000
15.5000	15.4650	250.0000
16.1000	16.0620	260.0000
17.6000	17.6730	190.0000
13.7000	13.6700	250.0000
19.4000	19.2600	235.0000
18.4000	18.4110	260.0000
18.0000	18.2260	85.0000
12.3000	13.3430	200.0000
14.8000	14.9930	75.0000
14.4000	14.5510	110.0000
17.9000	17.9240	250.0000
16.8000	16.8120	205.0000
12.4000	12.5880	310.0000
15.0000	15.0000	225.0000
18.7000	18.6480	110.0000
12.3000	12.5490	335.0000
12.8000	12.4340	350.0000
13.5000	13.6690	145.0000
13.7000	13.7130	255.0000
15.2000	15.2230	255.0000
12.1000	12.4640	235.0000
17.6000	17.6130	170.0000
18.9000	18.8590	330.0000
14.1000	13.8920	325.0000
17.3000	17.1060	325.0000
14.8000	14.9020	85.0000
12.1000	12.5910	295.0000
16.6000	16.5160	320.0000
17.1000	17.1680	135.0000
16.4000	16.3160	365.0000
19.2000	19.1150	375.0000
17.5000	17.6590	175.0000
18.3000	18.2140	155.0000
17.2000	17.1510	285.0000
12.1000	12.5360	70.0000
13.7000	13.6090	260.0000
18.7000	18.7500	150.0000
15.2000	15.1440	295.0000
17.8000	17.8810	110.0000
18.8000	18.7090	115.0000
18.9000	19.1240	170.0000
14.0000	13.8130	375.0000
19.0000	19.1490	185.0000
13.5000	13.5690	165.0000
16.0000	15.8860	355.0000
12.8000	12.8000	305.0000
17.3000	17.3940	120.0000
15.9000	15.9280	200.0000
17.1000	17.0860	280.0000
19.1000	19.2430	250.0000
12.8000	12.8190	335.0000
13.9000	13.8570	225.0000
19.0000	19.0840	180.0000
17.5000	17.6210	195.0000
17.9000	17.8680	80.0000
16.2000	16.1760	220.0000
16.8000	16.6630	370.0000
17.2000	17.3160	100.0000
15.1000	15.1570	220.0000
15.2000	15.2410	200.0000
12.5000	12.4220	280.0000
14.0000	13.8910	245.0000
17.3000	17.2810	265.0000
15.5000	15.4970	240.0000
17.8000	17.8930	165.0000
16.7000	16.7720	170.0000
13.1000	12.5720	355.0000
12.0000	12.4520	355.0000
12.4000	12.4880	205.0000
18.1000	18.1870	215.0000
15.0000	15.1230	100.0000
13.4000	12.5700	370.0000
18.5000	18.5550	330.0000
13.5000	13.4530	295.0000
18.1000	18.0020	125.0000
13.2000	13.1370	160.0000
19.3000	19.2700	355.0000
18.9000	18.9910	65.0000
12.9000	12.8020	300.0000
17.3000	17.4840	70.0000
17.0000	16.9530	270.0000
15.8000	15.8150	180.0000
12.4000	12.7510	160.0000
15.9000	15.7650	370.0000
13.8000	13.5990	345.0000
17.6000	17.6130	290.0000
15.3000	15.3640	110.0000
13.2000	12.8140	190.0000
15.0000	15.1060	75.0000
14.1000	14.3710	120.0000
17.4000	17.4700	195.0000
18.8000	18.8510	240.0000
17.7000	17.6820	195.0000
18.8000	18.8550	210.0000
18.5000	18.4780	350.0000
12.9000	12.7720	85.0000
14.1000	14.1590	175.0000
15.7000	15.8350	85.0000
16.4000	16.5740	100.0000
12.8000	12.9610	230.0000
13.9000	13.8210	200.0000
13.5000	13.4880	210.0000
15.8000	15.8930	125.0000
13.1000	13.4140	75.0000
17.1000	17.0620	150.0000
15.3000	15.2380	245.0000
17.6000	17.6210	340.0000
13.8000	13.5470	300.0000
15.6000	15.5510	255.0000
15.1000	15.2120	115.0000
14.8000	14.5390	335.0000
13.2000	13.2220	195.0000
14.6000	14.6720	175.0000
17.4000	17.2860	330.0000
16.7000	16.8890	140.0000
12.6000	12.5080	275.0000
15.4000	15.4040	275.0000
18.4000	18.3330	200.0000
14.6000	14.7780	80.0000
15.8000	15.6580	350.0000
17.0000	16.8470	360.0000
18.9000	18.9070	245.0000
19.1000	19.1150	190.0000
14.7000	14.4220	360.0000
18.9000	18.8320	355.0000
15.8000	15.8120	115.0000
13.6000	13.3650	375.0000
18.1000	18.1740	175.0000
17.6000	17.6280	100.0000
14.0000	14.1420	145.0000
15.1000	15.1560	215.0000
13.7000	14.1020	65.0000
18.3000	18.2770	195.0000
14.3000	14.3300	195.0000
17.5000	17.5720	210.0000
19.2000	19.1150	370.0000
12.8000	12.4410	145.0000
17.1000	16.9850	315.0000
19.1000	19.2640	210.0000
13.5000	13.4150	310.0000
15.3000	15.2470	270.0000
18.1000	18.0460	115.0000
13.2000	12.7800	310.0000
15.4000	15.3150	270.0000
13.1000	12.8390	195.0000
12.8000	12.4240	195.0000
16.5000	16.4510	250.0000
12.7000	12.4580	250.0000
18.1000	18.1480	145.0000
13.0000	13.4400	85.0000
14.7000	14.4160	370.0000
19.2000	19.2340	240.0000
18.1000	18.2340	90.0000
16.1000	15.9830	375.0000
14.1000	14.1490	170.0000
15.8000	15.8000	245.0000
12.8000	12.5700	65.0000
18.1000	18.1660	235.0000
17.7000	17.6800	205.0000
14.1000	14.0800	230.0000
13.1000	12.8230	335.0000
15.8000	15.6830	300.0000
16.8000	16.8740	130.0000
18.3000	18.2690	370.0000
16.5000	16.5020	230.0000
19.3000	19.3090	250.0000
15.1000	14.9580	240.0000
19.1000	19.2340	220.0000
12.4000	12.7810	370.0000
19.3000	19.2030	220.0000
16.8000	16.8120	235.0000
15.4000	15.4500	210.0000
16.7000	16.7980	165.0000
17.2000	17.1650	235.0000
16.2000	16.3510	90.0000
18.9000	18.9840	205.0000
18.6000	18.6030	360.0000
18.9000	18.8240	350.0000
18.5000	18.5080	140.0000
13.7000	13.0860	335.0000
19.3000	19.2780	340.0000
16.2000	16.2780	165.0000
14.3000	14.0750	370.0000
14.6000	14.7700	75.0000
12.8000	12.4820	180.0000
13.2000	12.8310	210.0000
15.2000	15.1610	220.0000
19.2000	19.1910	90.0000
14.0000	14.1860	115.0000
15.8000	15.8920	175.0000
16.1000	16.2000	115.0000
13.8000	14.1140	80.0000
18.4000	18.2680	170.0000
18.3000	18.4030	100.0000
14.3000	14.5760	85.0000
16.3000	16.5390	65.0000
18.7000	18.6790	295.0000
14.1000	13.9870	280.0000
12.3000	12.6420	65.0000
13.1000	12.8600	225.0000
16.9000	16.7870	360.0000
15.2000	15.1970	235.0000
18.7000	18.7450	210.0000
16.5000	16.4720	295.0000
15.7000	15.7930	180.0000
14.8000	14.9660	105.0000
19.4000	19.2920	255.0000
12.9000	12.6740	220.0000
17.8000	17.8920	130.0000
17.5000	17.6040	230.0000
12.0000	12.4820	95.0000
12.7000	12.6780	65.0000
16.0000	16.0250	155.0000
15.4000	15.4060	250.0000
12.9000	12.6510	160.0000
18.7000	18.6380	285.0000
17.9000	17.9560	330.0000
12.0000	12.4720	155.0000
17.8000	17.9200	120.0000
13.7000	13.4580	360.0000
19.4000	19.1950	115.0000
14.8000	14.8040	165.0000
15.3000	15.2420	230.0000
16.1000	16.2330	160.0000
13.1000	12.9110	205.0000
13.1000	13.1960	150.0000
17.7000	17.7160	200.0000
17.7000	17.6930	360.0000
16.2000	16.4700	70.0000
12.8000	12.5340	215.0000
12.7000	12.4240	300.0000
14.2000	14.1790	220.0000
15.5000	15.3730	325.0000
14.4000	14.2550	375.0000
16.8000	16.6240	325.0000
18.3000	18.2900	175.0000
19.2000	19.0720	75.0000
13.2000	12.9820	265.0000
18.2000	18.2190	355.0000
14.6000	14.4010	305.0000
15.3000	15.3740	105.0000
12.4000	12.5340	240.0000
14.4000	14.1710	365.0000
17.8000	17.8560	100.0000
12.3000	12.5200	105.0000
16.6000	16.6930	150.0000
18.8000	18.7500	120.0000
14.3000	14.1910	255.0000
15.5000	15.5790	150.0000
14.0000	13.8600	365.0000
13.0000	12.7010	245.0000
15.5000	15.4990	265.0000
18.4000	18.4960	215.0000
15.7000	15.5720	310.0000
16.4000	16.4500	215.0000
16.6000	16.7050	105.0000
15.3000	15.3000	200.0000
12.2000	12.5730	85.0000
13.5000	13.8880	65.0000
12.0000	12.4380	160.0000
16.9000	16.9790	105.0000
16.0000	16.0800	205.0000
17.7000	17.7500	180.0000
15.0000	14.8470	305.0000
12.6000	12.7930	70.0000
17.3000	17.4760	175.0000
17.5000	17.3050	305.0000
14.7000	14.6670	240.0000
18.7000	18.7090	125.0000
12.4000	12.7190	255.0000
17.3000	17.3130	210.0000
14.5000	14.6060	160.0000
12.8000	12.7290	220.0000
18.1000	18.1690	190.0000
17.2000	17.1160	305.0000
15.1000	15.1460	195.0000
14.7000	14.7700	180.0000
19.3000	19.2750	260.0000
15.5000	15.3810	295.0000
14.4000	14.6720	120.0000
15.9000	15.8300	310.0000
17.4000	17.3280	360.0000
16.8000	16.7220	305.0000
17.3000	17.2050	295.0000
14.1000	14.4540	75.0000
15.1000	15.1080	165.0000
13.6000	13.1940	270.0000
14.3000	14.0990	310.0000
14.5000	14.6030	180.0000
15.8000	15.7140	235.0000
12.0000	12.4810	85.0000
13.6000	13.5800	180.0000
13.6000	13.3240	360.0000
16.5000	16.6070	125.0000
13.4000	12.8400	365.0000
12.7000	12.4890	100.0000
15.2000	15.2390	160.0000
18.4000	18.5530	125.0000
15.8000	15.8960	185.0000
13.2000	12.4770	295.0000
12.1000	12.5560	210.0000
16.0000	16.1780	70.0000
15.4000	15.3230	305.0000
15.2000	15.3090	75.0000
15.3000	15.2130	275.0000
16.0000	16.0480	250.0000
16.6000	16.5700	245.0000
17.2000	17.2310	245.0000
13.4000	13.0330	335.0000
14.0000	14.2260	95.0000
16.4000	16.3880	265.0000
17.1000	17.0190	310.0000
16.4000	16.5000	110.0000
16.9000	16.9230	195.0000
16.0000	16.0410	220.0000
13.1000	12.9520	180.0000
15.8000	15.6680	360.0000
17.0000	16.9860	260.0000
15.0000	15.1290	90.0000
12.5000	12.5020	80.0000
19.2000	19.2500	290.0000
19.1000	19.1400	285.0000
12.6000	12.6930	175.0000
15.6000	15.6880	195.0000
19.0000	19.0390	290.0000
15.5000	15.3630	315.0000
18.6000	18.5000	235.0000
14.7000	14.7140	185.0000
14.4000	14.3580	270.0000
19.2000	19.1110	110.0000
13.2000	13.4000	75.0000
13.0000	12.8720	235.0000
16.8000	16.9910	135.0000
15.6000	15.6260	180.0000
16.7000	16.6550	310.0000
12.5000	12.6370	360.0000
17.9000	17.9740	185.0000
18.3000	18.3890	245.0000
16.3000	16.3830	125.0000
14.8000	14.7180	230.0000
17.4000	17.4570	170.0000
15.2000	15.3210	115.0000
19.0000	18.9940	115.0000
18.6000	18.5960	370.0000
18.6000	18.5980	310.0000
14.0000	13.9330	235.0000
17.4000	17.3110	370.0000
15.4000	15.2790	340.0000
13.8000	13.8440	215.0000
14.2000	13.8870	375.0000
16.4000	16.4670	220.0000
15.7000	15.7450	145.0000
19.3000	19.1410	80.0000
16.9000	16.8050	250.0000
16.7000	16.6490	255.0000
14.7000	14.5760	335.0000
13.4000	13.3120	185.0000
19.4000	19.1860	125.0000
18.4000	18.3210	345.0000
14.2000	14.0950	275.0000
17.8000	17.9880	160.0000
16.4000	16.4380	210.0000
17.4000	17.5550	140.0000
13.7000	13.5610	330.0000
18.9000	18.8200	365.0000
16.5000	16.5310	240.0000
13.3000	13.0850	265.0000
12.1000	12.5460	80.0000
15.6000	15.8040	125.0000
17.3000	17.4160	85.0000
18.7000	18.6040	240.0000
12.8000	12.7930	95.0000
13.6000	13.2020	370.0000
13.8000	13.7580	225.0000
14.5000	14.3330	325.0000
18.0000	18.0620	310.0000
19.1000	18.9920	310.0000
17.5000	17.5530	125.0000
13.8000	13.5820	275.0000
13.6000	13.5150	190.0000
15.4000	15.3790	225.0000
15.1000	15.0480	270.0000
17.1000	17.1820	175.0000
12.0000	12.3990	300.0000
17.1000	17.1310	195.0000
17.0000	17.1330	90.0000
14.7000	14.4520	355.0000
14.7000	14.7810	105.0000
14.7000	14.5140	325.0000
13.9000	13.8190	245.0000
18.3000	18.3970	180.0000
17.7000	17.7300	270.0000
13.8000	13.4750	360.0000
12.7000	12.9990	225.0000
15.4000	15.4910	85.0000
13.1000	12.5050	265.0000
17.4000	17.3500	295.0000
15.2000	15.1280	315.0000
18.1000	18.0540	275.0000
12.1000	12.4430	365.0000
18.3000	18.3290	215.0000
16.7000	16.6090	345.0000
12.7000	12.5170	190.0000
17.8000	17.8020	300.0000
16.8000	16.6690	360.0000
16.4000	16.3450	320.0000
14.1000	14.3390	125.0000
13.4000	13.4990	170.0000
12.9000	12.3880	375.0000
18.8000	18.9050	150.0000
13.4000	13.0930	215.0000
17.2000	17.1980	200.0000
18.6000	18.6780	290.0000
18.6000	18.7170	150.0000
19.2000	19.1300	200.0000
17.5000	17.5010	275.0000
16.0000	15.8530	365.0000
12.7000	12.7250	125.0000
18.7000	18.6790	325.0000
14.0000	13.7490	325.0000
13.1000	12.4980	310.0000
14.0000	14.3730	65.0000
17.4000	17.3860	265.0000
16.5000	16.4230	345.0000
15.9000	16.0110	155.0000
17.6000	17.5830	345.0000
12.9000	12.8800	290.0000
14.9000	15.0280	135.0000
15.4000	15.4040	175.0000
13.3000	13.4400	180.0000
13.1000	12.5780	300.0000
12.3000	12.7360	310.0000
16.8000	16.9590	100.0000
17.7000	17.7810	240.0000
16.1000	16.1820	230.0000
17.2000	17.3460	140.0000
19.3000	19.1830	145.0000
15.0000	14.9930	195.0000
15.5000	15.3710	355.0000
15.7000	15.7480	220.0000
16.8000	16.7370	245.0000
16.1000	16.2060	155.0000
12.2000	12.4680	150.0000
13.7000	13.9640	105.0000
13.0000	12.3870	270.0000
14.8000	14.6330	285.0000
16.2000	16.4580	65.0000
15.2000	15.3120	85.0000
18.5000	18.3050	195.0000
15.5000	15.5050	225.0000
17.4000	17.4090	145.0000
13.4000	13.4160	295.0000
19.4000	19.2820	245.0000
14.8000	14.6860	280.0000
19.0000	19.0740	250.0000
15.7000	15.6430	335.0000
18.0000	18.2020	170.0000
13.5000	13.0470	300.0000
15.1000	15.2510	65.0000
16.6000	16.5060	350.0000
16.6000	16.7550	120.0000
12.3000	12.4310	225.0000
13.0000	12.6530	340.0000
13.5000	13.3910	200.0000
18.7000	18.6080	75.0000
17.3000	17.3870	135.0000
12.1000	12.4630	105.0000
12.5000	12.8620	195.0000
13.4000	13.0560	315.0000
18.7000	18.6610	375.0000
14.2000	14.1480	265.0000
14.8000	14.9490	95.0000
14.3000	14.5830	70.0000
14.8000	14.8130	110.0000
14.7000	14.8390	65.0000
16.1000	16.1140	255.0000
17.2000	17.2830	215.0000
17.7000	17.6910	250.0000
16.9000	16.7810	345.0000
12.5000	12.7660	140.0000
12.8000	12.5570	240.0000
14.5000	14.6220	100.0000
17.8000	17.9910	140.0000
18.5000	18.4490	90.0000
19.1000	19.1390	280.0000
14.3000	14.4410	110.0000
15.6000	15.4890	205.0000
18.2000	18.1670	125.0000
15.1000	15.1880	120.0000
13.4000	12.8380	355.0000
14.9000	14.8330	195.0000
16.2000	16.2440	120.0000
15.8000	15.9470	95.0000
18.4000	18.4070	250.0000
15.8000	15.9150	170.0000
14.9000	14.9520	130.0000
17.2000	17.3150	145.0000
15.3000	15.1960	325.0000
12.3000	12.4190	165.0000
14.0000	13.7910	330.0000
17.1000	17.2450	90.0000
16.3000	16.2760	195.0000
14.4000	14.4400	180.0000
15.2000	15.0490	355.0000
14.4000	14.4510	185.0000
12.2000	12.5160	280.0000
12.3000	12.6500	75.0000
18.0000	17.9640	140.0000
16.1000	16.2630	90.0000
17.0000	16.9550	265.0000
18.4000	18.3440	275.0000
18.0000	18.2010	80.0000
18.7000	18.6520	280.0000
17.9000	17.9400	280.0000
18.2000	18.3390	225.0000
17.3000	17.2410	240.0000
13.2000	12.5990	230.0000
13.9000	13.6170	315.0000
18.1000	18.1280	315.0000
13.6000	13.4200	260.0000
15.1000	15.0400	290.0000
12.4000	12.4910	185.0000
17.7000	17.7670	85.0000
18.5000	18.4650	85.0000
15.4000	15.2840	325.0000
19.0000	19.0330	305.0000
15.5000	15.4000	270.0000
12.0000	12.5000	335.0000
16.2000	16.4480	80.0000
18.7000	18.6420	100.0000
13.4000	13.2040	230.0000
19.1000	19.1510	110.0000
17.5000	17.4440	355.0000
13.7000	13.5900	230.0000
12.1000	12.7280	355.0000
14.6000	14.6220	180.0000
16.9000	16.7880	330.0000
13.3000	13.5270	105.0000
12.6000	12.4890	325.0000
12.1000	12.4540	350.0000
13.9000	13.7640	270.0000
14.1000	13.9930	360.0000
14.9000	14.7220	325.0000
17.1000	16.9740	335.0000
12.5000	12.4870	335.0000
18.5000	18.2180	65.0000
15.4000	15.5680	70.0000
13.1000	12.6980	365.0000
14.4000	14.2510	300.0000
13.8000	13.9120	175.0000
14.2000	14.3870	125.0000
12.2000	12.5000	230.0000
17.3000	17.2120	320.0000
12.4000	12.4130	275.0000
18.8000	18.7200	365.0000
15.2000	15.3260	70.0000
16.8000	16.8640	190.0000
13.0000	12.4800	210.0000
18.5000	18.4250	300.0000
16.6000	16.6520	170.0000
15.9000	15.7970	340.0000
12.1000	12.4760	190.0000
15.2000	15.1790	290.0000
12.5000	12.5440	165.0000
17.8000	17.7790	115.0000
14.3000	14.3610	185.0000
12.2000	12.5430	360.0000
19.3000	19.2010	155.0000
15.9000	16.0940	65.0000
14.8000	14.6240	345.0000
12.8000	12.8280	105.0000
14.8000	14.6720	305.0000
13.3000	13.5140	140.0000
15.1000	14.9820	325.0000
17.8000	17.6710	235.0000
18.8000	18.7990	250.0000
16.8000	16.9230	125.0000
17.8000	17.8250	370.0000
13.7000	14.0500	70.0000
14.6000	14.4160	300.0000
18.5000	18.3370	200.0000
13.2000	13.0300	320.0000
16.9000	16.7770	355.0000
13.3000	12.6500	365.0000
13.4000	13.2580	155.0000
17.0000	17.0880	130.0000
13.1000	12.9410	140.0000
18.6000	18.5670	105.0000
14.4000	14.5520	135.0000
15.2000	15.2010	135.0000
18.2000	18.2040	155.0000
12.9000	12.7430	370.0000
17.1000	17.2040	205.0000
19.3000	19.1880	95.0000
15.9000	15.7650	320.0000
18.8000	18.7050	110.0000
12.9000	12.7230	310.0000
12.1000	12.4840	285.0000
15.5000	15.5360	215.0000
13.3000	13.1980	175.0000
17.9000	17.9020	110.0000
13.7000	13.5450	290.0000
18.3000	18.4470	250.0000
14.3000	14.1150	340.0000
14.5000	14.7030	135.0000
19.4000	19.2390	190.0000
14.6000	14.4100	285.0000
12.5000	12.8840	65.0000
13.1000	12.7790	340.0000
16.8000	16.9520	160.0000
12.2000	12.4660	210.0000
16.1000	16.0420	295.0000
16.6000	16.8440	80.0000
12.8000	12.6050	135.0000
14.6000	14.8240	65.0000
17.1000	16.9820	360.0000
15.5000	15.3380	330.0000
12.7000	12.4690	290.0000
14.7000	14.7200	205.0000
18.0000	18.0550	305.0000
15.9000	15.9920	140.0000
18.8000	18.7220	85.0000
17.7000	17.7730	215.0000
18.7000	18.8350	160.0000
12.1000	12.3870	100.0000
13.8000	13.5480	370.0000
12.6000	12.5130	350.0000
18.0000	17.9190	90.0000
14.2000	14.0440	310.0000
17.2000	17.0320	365.0000
12.7000	12.4490	245.0000
14.2000	14.3650	115.0000
13.4000	13.3110	250.0000
12.4000	12.4650	305.0000
16.2000	16.2550	235.0000
12.3000	12.4980	345.0000
17.3000	17.2080	310.0000
15.0000	14.7790	360.0000
15.8000	15.7200	370.0000
15.0000	15.0090	160.0000
13.7000	13.3830	285.0000
17.4000	17.3330	250.0000
19.0000	19.0500	280.0000
12.1000	12.7760	375.0000
16.7000	16.8840	115.0000
18.5000	18.5110	95.0000
15.4000	15.4820	235.0000
13.0000	13.4770	80.0000
17.3000	17.3630	115.0000
17.2000	17.2980	160.0000
14.7000	14.8380	80.0000
15.7000	15.5900	365.0000
16.6000	16.5650	295.0000
12.6000	12.5020	80.0000
12.9000	12.7060	340.0000
18.7000	18.6970	85.0000
13.9000	13.8240	255.0000
13.9000	13.6140	370.0000
16.8000	16.7910	210.0000
15.0000	15.0970	80.0000
12.6000	12.5350	365.0000
15.0000	14.9040	250.0000
19.2000	19.2390	265.0000
15.0000	15.1750	65.0000
12.6000	12.5600	110.0000
16.6000	16.4840	370.0000
12.0000	12.7240	165.0000
16.0000	15.9320	265.0000
16.8000	16.7620	310.0000
13.5000	13.0780	340.0000
13.5000	13.7940	85.0000
12.7000	12.5110	165.0000
13.8000	13.6870	250.0000
14.6000	14.5660	215.0000
15.4000	15.2980	355.0000
12.2000	12.4650	260.0000
17.4000	17.2050	325.0000
16.2000	16.3180	160.0000
16.4000	16.3010	375.0000
15.2000	15.0930	310.0000
17.0000	17.0590	190.0000
14.0000	14.0270	205.0000
18.0000	17.9490	110.0000
13.7000	13.8640	95.0000
15.2000	15.1840	195.0000
13.0000	12.8680	200.0000
16.5000	16.6320	190.0000
15.9000	15.9670	115.0000
16.0000	15.8560	320.0000
19.4000	19.2140	195.0000
14.5000	14.6240	145.0000
13.9000	13.6420	295.0000
16.4000	16.5340	140.0000
13.8000	14.0290	95.0000
17.5000	17.6180	190.0000
17.9000	17.9200	305.0000
14.9000	15.0020	160.0000
14.3000	14.5470	80.0000
16.5000	16.6970	110.0000
13.7000	13.4020	300.0000
14.3000	14.1220	320.0000
18.7000	18.5480	345.0000
18.0000	18.0320	220.0000
13.8000	13.7550	220.0000
17.8000	17.7890	90.0000
14.1000	14.3460	115.0000
13.3000	12.7550	315.0000
15.3000	15.2980	215.0000
14.2000	14.5010	90.0000
17.5000	17.5720	70.0000
14.3000	14.3820	160.0000
15.1000	14.9550	365.0000
18.0000	18.1480	175.0000
16.3000	16.5550	115.0000
18.9000	18.9440	140.0000
17.6000	17.5580	200.0000
14.9000	14.6830	340.0000
12.4000	12.3820	265.0000
19.2000	19.2250	275.0000
17.2000	17.0830	300.0000
14.0000	14.3220	75.0000
12.8000	12.4220	280.0000
18.9000	19.0170	85.0000
16.8000	16.8740	140.0000
13.8000	13.9160	135.0000
15.1000	14.9450	360.0000
