True_LogN	Predicted_LogN	True_Tex
13.4000	13.0940	290.0000
18.8000	18.7820	180.0000
16.7000	16.7840	125.0000
12.8000	13.5240	25.0000
12.7000	13.6380	275.0000
19.2000	19.1970	90.0000
16.9000	17.0400	45.0000
17.8000	17.7030	335.0000
16.7000	16.7760	40.0000
17.9000	17.8680	215.0000
12.8000	13.2830	110.0000
17.1000	17.1120	125.0000
15.2000	14.1520	240.0000
16.4000	16.3300	170.0000
12.5000	13.4240	105.0000
12.6000	13.4160	105.0000
15.2000	15.4540	40.0000
18.6000	18.5600	320.0000
15.3000	14.5560	200.0000
12.1000	13.4890	340.0000
13.6000	13.4570	260.0000
17.5000	17.5540	150.0000
19.1000	19.1080	115.0000
12.0000	13.5290	40.0000
16.6000	16.7440	145.0000
14.3000	14.4460	100.0000
17.0000	17.0490	165.0000
17.8000	17.8050	175.0000
17.7000	17.7040	105.0000
18.3000	18.2380	345.0000
18.2000	18.1460	345.0000
13.5000	13.3720	240.0000
13.5000	13.6780	160.0000
14.8000	13.5720	250.0000
17.5000	17.3950	360.0000
12.4000	13.4510	320.0000
17.7000	17.7180	80.0000
14.8000	13.7310	135.0000
12.5000	13.4610	240.0000
16.8000	16.9270	205.0000
13.7000	14.5210	35.0000
13.8000	13.8390	80.0000
19.2000	19.1880	290.0000
16.4000	16.0980	330.0000
14.6000	13.3490	140.0000
16.0000	16.0840	75.0000
19.0000	18.9960	345.0000
13.6000	14.2660	235.0000
17.5000	17.3870	310.0000
15.5000	15.7940	125.0000
17.1000	17.1890	35.0000
13.0000	13.7240	230.0000
17.1000	17.0660	120.0000
17.9000	17.8750	205.0000
12.4000	13.3260	265.0000
16.7000	16.7970	45.0000
12.7000	14.3850	65.0000
15.6000	15.9570	65.0000
17.4000	17.3980	155.0000
18.4000	18.4670	70.0000
18.7000	18.6680	285.0000
16.0000	15.6080	320.0000
18.2000	18.1780	55.0000
19.2000	19.2080	175.0000
14.4000	13.5990	340.0000
12.7000	13.5730	360.0000
14.4000	13.5110	205.0000
12.2000	13.7000	75.0000
17.0000	17.0610	200.0000
18.8000	18.7870	290.0000
14.6000	13.4510	195.0000
17.0000	17.0730	190.0000
12.8000	13.3810	275.0000
13.0000	13.4420	75.0000
16.1000	16.1280	200.0000
14.5000	13.5160	235.0000
17.6000	17.6780	235.0000
18.3000	18.2500	300.0000
16.4000	16.2850	240.0000
17.5000	17.4450	20.0000
14.9000	14.7170	100.0000
13.5000	13.6250	35.0000
17.1000	17.0150	130.0000
14.6000	14.6120	90.0000
15.6000	15.6900	170.0000
15.1000	13.5580	315.0000
12.6000	13.4780	200.0000
15.8000	15.1810	260.0000
12.6000	13.8260	135.0000
14.4000	13.4590	325.0000
18.7000	18.6890	345.0000
16.6000	16.6390	120.0000
18.5000	18.5130	115.0000
16.7000	16.7370	20.0000
18.4000	18.2970	30.0000
15.9000	15.6090	300.0000
17.6000	17.6730	60.0000
15.6000	15.1040	250.0000
14.7000	13.4270	350.0000
13.8000	13.3610	110.0000
14.9000	13.8940	295.0000
18.0000	17.9740	150.0000
18.0000	17.9620	325.0000
14.7000	13.8350	165.0000
13.5000	13.5220	20.0000
16.5000	16.5870	55.0000
16.8000	16.9040	185.0000
13.8000	13.5090	205.0000
15.4000	15.8790	75.0000
17.5000	17.5600	180.0000
12.2000	13.4200	40.0000
13.3000	13.3230	235.0000
17.0000	16.9500	305.0000
18.0000	17.9870	215.0000
17.7000	17.6490	350.0000
15.2000	15.2080	105.0000
12.2000	13.3800	115.0000
13.5000	13.5910	115.0000
12.0000	13.6050	345.0000
12.8000	13.4460	170.0000
18.4000	18.3060	40.0000
17.7000	17.7000	310.0000
17.6000	17.4430	355.0000
12.9000	13.4950	245.0000
12.1000	13.2660	230.0000
14.4000	13.6680	90.0000
13.9000	13.5500	50.0000
14.3000	14.7940	35.0000
12.0000	13.6210	305.0000
18.6000	18.6430	95.0000
18.8000	18.8060	155.0000
12.2000	13.6280	290.0000
13.1000	13.2650	330.0000
14.3000	13.5170	170.0000
18.7000	18.6680	235.0000
18.5000	18.5380	100.0000
14.9000	15.5530	55.0000
12.6000	13.3600	320.0000
14.8000	13.4760	320.0000
17.2000	17.1900	155.0000
12.0000	13.6510	355.0000
15.7000	15.1540	290.0000
18.1000	18.1020	135.0000
18.0000	17.9740	195.0000
15.9000	16.0460	90.0000
14.4000	13.6830	80.0000
13.2000	13.7030	350.0000
14.7000	14.5090	255.0000
17.2000	17.1830	255.0000
12.4000	13.5710	50.0000
14.9000	13.4210	195.0000
15.5000	13.8100	300.0000
15.1000	14.8520	180.0000
14.8000	13.4480	290.0000
13.9000	13.7420	20.0000
17.5000	17.5950	195.0000
12.4000	13.6000	200.0000
12.5000	13.3100	255.0000
12.3000	13.5290	110.0000
18.4000	18.4070	285.0000
15.3000	15.6860	100.0000
13.3000	13.4920	25.0000
13.1000	14.1220	235.0000
18.6000	18.5630	255.0000
13.7000	13.5500	315.0000
13.4000	13.6340	275.0000
14.6000	13.4430	315.0000
17.2000	17.1600	290.0000
16.9000	17.0060	30.0000
13.6000	14.1880	285.0000
16.1000	16.2190	125.0000
14.5000	14.2460	170.0000
17.5000	17.5220	140.0000
18.5000	18.4800	265.0000
19.3000	19.2820	120.0000
12.3000	13.4720	35.0000
15.0000	13.8720	135.0000
18.1000	18.0720	180.0000
12.6000	13.4260	345.0000
12.8000	13.4220	355.0000
18.8000	18.7580	35.0000
12.9000	13.3680	230.0000
12.9000	13.3860	55.0000
15.7000	14.0790	350.0000
13.3000	13.5290	90.0000
12.5000	13.3240	175.0000
17.4000	17.3520	115.0000
16.0000	15.6700	305.0000
14.5000	13.4060	295.0000
16.0000	15.6640	350.0000
15.5000	15.4720	165.0000
18.5000	18.4970	170.0000
12.9000	13.5540	240.0000
17.0000	16.8830	335.0000
12.9000	13.3700	325.0000
19.4000	19.3910	360.0000
12.1000	13.4290	345.0000
16.4000	16.5230	25.0000
14.1000	13.6780	315.0000
17.1000	17.0950	75.0000
13.1000	13.5190	210.0000
13.4000	13.3640	115.0000
16.0000	15.7960	295.0000
16.8000	16.8180	240.0000
12.8000	13.7390	80.0000
12.3000	13.4560	45.0000
13.8000	13.9980	300.0000
18.7000	18.7270	145.0000
13.4000	13.3410	65.0000
17.2000	17.2340	40.0000
13.2000	13.3590	230.0000
16.7000	16.6910	130.0000
16.2000	16.1890	140.0000
12.7000	13.7100	90.0000
12.6000	13.4370	360.0000
19.0000	19.0030	215.0000
13.8000	13.5640	22.5000
17.0000	17.0730	45.0000
17.9000	17.9630	245.0000
13.8000	13.4710	320.0000
12.4000	13.4440	45.0000
16.8000	16.6130	360.0000
18.5000	18.4360	310.0000
14.2000	13.2970	130.0000
15.6000	15.3970	205.0000
13.7000	13.2890	110.0000
13.0000	13.3010	105.0000
13.9000	13.2960	85.0000
16.5000	16.3900	260.0000
12.7000	13.5980	145.0000
18.4000	18.4060	135.0000
16.4000	16.4140	150.0000
15.5000	14.5120	230.0000
12.8000	13.4920	235.0000
19.2000	19.1950	330.0000
12.3000	13.3800	150.0000
15.3000	15.6380	80.0000
17.8000	17.7660	310.0000
17.6000	17.6790	65.0000
16.2000	15.7890	345.0000
15.1000	15.5920	105.0000
18.7000	18.7150	70.0000
14.3000	14.2600	30.0000
16.5000	16.5390	50.0000
17.8000	17.7880	295.0000
18.1000	18.1390	280.0000
18.9000	18.8960	190.0000
13.5000	13.3490	180.0000
17.8000	17.8530	260.0000
13.9000	13.4800	60.0000
18.5000	18.5420	65.0000
18.0000	18.0320	50.0000
14.3000	13.2290	195.0000
19.2000	19.2070	165.0000
12.9000	13.3770	100.0000
16.0000	16.1090	35.0000
16.6000	16.5360	290.0000
12.9000	13.6260	195.0000
12.9000	13.4190	145.0000
13.1000	13.6260	85.0000
18.2000	18.1970	215.0000
12.0000	13.4870	245.0000
18.9000	18.9060	95.0000
15.3000	15.1950	120.0000
14.5000	14.9550	35.0000
14.9000	14.7770	110.0000
19.4000	19.3940	165.0000
14.7000	13.7700	320.0000
16.3000	16.3540	205.0000
15.2000	14.4750	200.0000
18.7000	18.6280	45.0000
17.9000	17.8940	275.0000
19.4000	19.3980	135.0000
15.1000	13.8970	250.0000
12.3000	13.4090	295.0000
12.2000	13.8450	250.0000
17.9000	17.9700	65.0000
16.9000	16.9500	145.0000
16.6000	16.4910	295.0000
14.6000	13.8460	160.0000
14.0000	13.5430	340.0000
18.1000	18.0680	150.0000
15.2000	13.7050	295.0000
12.0000	13.5680	350.0000
15.3000	15.5330	60.0000
16.6000	16.6950	50.0000
17.5000	17.4440	265.0000
17.5000	17.5560	205.0000
18.4000	18.3780	200.0000
17.3000	17.3520	70.0000
12.7000	13.3110	305.0000
14.3000	14.6300	25.0000
19.0000	18.9980	295.0000
18.6000	18.5510	330.0000
16.7000	16.7440	185.0000
15.3000	14.0550	245.0000
14.1000	13.5180	130.0000
14.0000	13.7480	185.0000
13.3000	13.3120	280.0000
17.7000	17.6610	315.0000
15.0000	15.3270	22.5000
17.5000	17.5120	130.0000
12.5000	13.4930	270.0000
17.2000	17.2030	65.0000
19.3000	19.2940	295.0000
12.9000	14.3030	80.0000
17.9000	17.9770	285.0000
13.3000	13.3680	330.0000
15.6000	14.0020	350.0000
15.5000	14.2470	305.0000
14.1000	14.1010	70.0000
14.9000	14.0360	115.0000
16.0000	16.0100	215.0000
19.1000	19.1230	155.0000
17.5000	17.5680	255.0000
13.8000	13.5250	360.0000
19.4000	19.3710	70.0000
16.4000	16.4900	185.0000
16.1000	15.7950	345.0000
18.9000	18.8950	225.0000
17.2000	17.0340	315.0000
17.9000	17.8940	165.0000
12.0000	13.4420	290.0000
15.7000	13.9720	345.0000
17.1000	17.1930	335.0000
16.9000	16.8900	110.0000
13.3000	13.5310	135.0000
13.6000	13.4810	145.0000
19.3000	19.2890	55.0000
17.6000	17.6150	245.0000
12.7000	13.5610	235.0000
13.4000	13.2110	350.0000
18.8000	18.8230	360.0000
18.9000	18.8940	200.0000
12.2000	14.3760	145.0000
13.6000	13.5270	265.0000
17.0000	17.0370	175.0000
13.1000	13.4210	60.0000
16.2000	16.2560	205.0000
12.3000	13.5080	190.0000
15.3000	14.8060	240.0000
16.6000	16.7120	170.0000
13.9000	13.3240	135.0000
17.1000	17.1110	22.5000
16.4000	16.4730	180.0000
17.9000	17.9420	270.0000
18.9000	18.8850	245.0000
18.7000	18.7190	360.0000
13.9000	13.7940	210.0000
17.1000	16.9940	275.0000
12.4000	14.2200	115.0000
15.9000	16.0830	80.0000
16.1000	15.1910	360.0000
18.1000	18.1130	55.0000
12.5000	13.6460	305.0000
13.9000	13.4260	245.0000
16.9000	16.9280	55.0000
18.7000	18.6620	55.0000
18.4000	18.3510	315.0000
15.6000	15.5700	135.0000
15.3000	14.4920	305.0000
14.3000	13.8730	115.0000
15.4000	13.8300	280.0000
13.5000	13.4260	345.0000
16.5000	16.2120	340.0000
14.5000	13.5670	230.0000
19.1000	19.0980	295.0000
18.7000	18.6790	30.0000
13.4000	13.4230	200.0000
14.0000	13.8030	235.0000
18.8000	19.0280	20.0000
14.9000	13.3080	315.0000
17.9000	17.9600	70.0000
17.1000	17.1880	255.0000
14.0000	13.3270	210.0000
19.3000	19.1950	20.0000
13.0000	13.6060	240.0000
13.0000	13.6360	180.0000
13.1000	13.2240	35.0000
14.9000	13.5440	350.0000
12.3000	13.9590	175.0000
15.4000	14.4870	205.0000
17.0000	16.8790	350.0000
12.6000	13.5390	170.0000
13.3000	13.9950	105.0000
13.0000	13.3320	250.0000
16.2000	15.9150	290.0000
16.8000	16.6640	340.0000
17.5000	17.5000	95.0000
18.9000	18.8760	265.0000
15.6000	14.5230	295.0000
15.5000	15.7610	130.0000
15.1000	15.2860	30.0000
12.5000	13.3880	155.0000
12.8000	13.4480	225.0000
18.9000	18.8990	105.0000
17.4000	17.2370	340.0000
13.5000	13.4950	120.0000
17.8000	17.8540	75.0000
12.6000	13.4610	290.0000
14.6000	14.2240	280.0000
13.6000	13.3920	290.0000
12.4000	13.5070	210.0000
14.5000	13.5220	75.0000
18.4000	18.2960	35.0000
13.0000	13.3900	345.0000
13.2000	13.4840	195.0000
13.5000	13.3670	130.0000
14.1000	13.9730	190.0000
15.1000	13.9460	205.0000
16.3000	16.1060	280.0000
12.1000	13.5840	265.0000
14.4000	13.3550	345.0000
15.8000	15.8810	200.0000
17.2000	17.2400	250.0000
13.9000	13.6510	175.0000
16.3000	16.4710	175.0000
16.6000	16.5560	270.0000
16.2000	15.9910	260.0000
16.0000	16.1950	45.0000
15.1000	13.4930	335.0000
12.4000	13.5540	55.0000
14.5000	14.1740	105.0000
13.3000	13.5940	290.0000
17.5000	17.5010	240.0000
12.8000	13.2880	160.0000
15.8000	15.9590	25.0000
17.8000	17.7810	145.0000
17.2000	17.1990	30.0000
12.6000	13.4240	205.0000
15.2000	14.6130	160.0000
18.4000	18.1780	25.0000
13.6000	13.7550	20.0000
13.8000	13.4610	130.0000
16.6000	16.6210	75.0000
12.2000	13.4990	270.0000
13.1000	13.8280	335.0000
15.4000	15.7990	105.0000
17.4000	17.4200	140.0000
17.6000	17.6600	225.0000
12.0000	13.4080	180.0000
13.7000	13.2810	355.0000
19.2000	19.1920	40.0000
15.7000	15.5610	205.0000
15.3000	13.5290	320.0000
12.6000	13.7920	245.0000
15.9000	16.0390	55.0000
16.1000	16.2320	130.0000
19.1000	19.0500	50.0000
12.3000	13.5070	210.0000
13.7000	13.6480	185.0000
12.0000	13.3860	300.0000
13.9000	14.1670	250.0000
13.8000	13.4960	125.0000
17.3000	17.2570	290.0000
13.5000	13.2880	295.0000
16.3000	16.1960	245.0000
15.6000	15.7110	145.0000
18.4000	18.3960	295.0000
17.6000	17.5950	190.0000
18.2000	18.2070	285.0000
19.4000	19.3980	215.0000
13.0000	13.7780	235.0000
12.7000	13.4770	245.0000
17.3000	17.3380	170.0000
18.7000	18.6540	295.0000
16.0000	16.2250	170.0000
18.9000	18.8990	315.0000
14.8000	13.4950	295.0000
19.2000	19.1940	115.0000
14.6000	13.7070	165.0000
19.3000	19.2920	270.0000
19.1000	19.1060	190.0000
16.4000	16.4430	75.0000
15.6000	15.8560	130.0000
12.9000	13.5560	120.0000
12.6000	14.1770	115.0000
12.7000	13.8260	270.0000
16.5000	16.5830	40.0000
14.1000	13.3090	280.0000
19.3000	19.2480	25.0000
14.6000	13.3550	200.0000
15.2000	13.7840	280.0000
16.2000	16.1060	265.0000
19.1000	19.1240	145.0000
15.3000	15.1640	175.0000
14.3000	13.5050	310.0000
12.4000	13.6000	70.0000
15.6000	14.2390	305.0000
16.5000	16.2340	330.0000
13.9000	13.3780	65.0000
13.8000	13.5510	345.0000
15.3000	14.6910	230.0000
18.6000	18.5500	290.0000
16.3000	16.3880	125.0000
17.8000	17.7550	35.0000
15.0000	14.6050	145.0000
16.9000	16.8140	280.0000
17.1000	17.0890	205.0000
19.2000	19.1960	180.0000
17.2000	17.2040	240.0000
12.0000	13.5720	270.0000
18.4000	18.4100	125.0000
16.4000	16.1250	280.0000
17.5000	17.5340	245.0000
15.1000	14.7160	160.0000
14.2000	13.3380	340.0000
16.2000	16.0050	270.0000
17.2000	17.1650	135.0000
12.9000	13.7440	215.0000
17.4000	17.2720	315.0000
18.2000	18.1720	335.0000
18.3000	18.3430	125.0000
14.4000	14.2860	190.0000
16.3000	15.9890	315.0000
19.1000	19.0970	325.0000
16.5000	16.2120	360.0000
19.4000	19.3560	105.0000
18.2000	18.2380	125.0000
13.2000	13.6770	100.0000
13.8000	13.7450	105.0000
14.5000	14.7380	50.0000
14.7000	13.3280	210.0000
17.4000	17.4630	250.0000
17.9000	17.9030	135.0000
15.5000	14.6740	210.0000
18.3000	18.3210	95.0000
17.4000	17.4210	165.0000
12.8000	13.4700	215.0000
15.6000	13.6620	345.0000
14.3000	13.3930	155.0000
13.8000	13.6830	260.0000
17.5000	17.3820	345.0000
14.7000	14.2090	335.0000
13.5000	14.6040	350.0000
18.7000	18.6590	290.0000
17.4000	17.3960	125.0000
15.5000	15.2230	180.0000
14.0000	13.6790	85.0000
14.9000	13.5030	260.0000
17.0000	16.9800	20.0000
16.4000	16.5000	22.5000
19.3000	19.2390	45.0000
13.8000	13.6010	230.0000
17.8000	17.8180	215.0000
13.7000	13.2760	340.0000
15.6000	15.5650	220.0000
14.5000	13.6130	60.0000
18.1000	18.1630	90.0000
19.4000	19.3710	75.0000
17.4000	17.4060	75.0000
15.4000	13.8050	305.0000
18.2000	18.2280	115.0000
18.0000	18.0590	70.0000
12.3000	13.4190	250.0000
18.6000	18.6330	165.0000
14.4000	13.7530	75.0000
16.2000	15.7890	350.0000
13.0000	13.5480	335.0000
14.4000	13.5370	140.0000
12.7000	13.5670	40.0000
16.7000	16.5610	345.0000
12.8000	13.2690	320.0000
18.7000	18.6480	260.0000
18.7000	18.6710	240.0000
14.1000	13.3100	210.0000
18.6000	18.6770	60.0000
15.3000	13.8710	215.0000
16.7000	16.6820	220.0000
14.4000	13.4990	230.0000
13.8000	13.3730	310.0000
13.4000	13.6670	25.0000
15.7000	15.6420	220.0000
18.1000	18.1700	70.0000
13.9000	13.3610	350.0000
18.8000	18.7950	330.0000
12.0000	13.4760	80.0000
12.3000	13.4900	290.0000
15.5000	13.9890	360.0000
14.5000	14.3260	90.0000
17.0000	17.0600	150.0000
12.0000	13.3910	325.0000
14.1000	13.5290	35.0000
15.9000	16.1150	125.0000
15.5000	14.3480	290.0000
16.1000	16.0450	240.0000
16.5000	16.6730	165.0000
15.1000	15.6600	70.0000
16.2000	16.1380	220.0000
17.3000	17.3190	280.0000
14.7000	13.8130	115.0000
15.7000	15.1360	325.0000
17.0000	17.0190	120.0000
18.5000	18.4830	255.0000
13.3000	13.3310	340.0000
12.8000	13.6750	130.0000
15.8000	15.0620	360.0000
14.0000	13.6700	45.0000
13.5000	13.4550	105.0000
17.7000	17.6890	165.0000
17.4000	17.3550	305.0000
14.6000	13.7320	100.0000
15.5000	15.1930	260.0000
15.1000	14.6870	110.0000
13.2000	13.4180	180.0000
13.8000	13.7470	250.0000
12.0000	13.3890	35.0000
16.5000	16.5690	170.0000
13.2000	13.2570	305.0000
14.0000	13.7270	180.0000
16.9000	16.8600	275.0000
15.8000	15.8900	65.0000
13.7000	13.3510	270.0000
14.7000	14.6800	50.0000
18.2000	18.2100	265.0000
12.6000	13.4520	75.0000
13.1000	13.7690	65.0000
19.2000	19.1960	320.0000
18.4000	18.3790	235.0000
17.4000	17.4450	270.0000
18.9000	18.9260	100.0000
12.0000	13.4670	190.0000
17.5000	17.5280	75.0000
17.8000	17.8210	90.0000
12.9000	13.4220	155.0000
15.4000	15.5230	25.0000
17.3000	17.2850	110.0000
14.7000	15.4910	35.0000
15.1000	13.4510	345.0000
13.6000	13.5720	210.0000
13.2000	13.3790	125.0000
17.3000	17.2830	140.0000
12.8000	13.4530	210.0000
17.1000	17.2320	170.0000
14.2000	14.5690	22.5000
16.8000	16.7450	95.0000
12.1000	13.3110	245.0000
12.8000	13.3480	325.0000
13.1000	13.4660	160.0000
19.1000	19.0930	110.0000
18.2000	18.2050	150.0000
17.3000	17.3260	150.0000
13.5000	13.4180	150.0000
12.7000	13.6480	340.0000
16.2000	16.2880	95.0000
13.0000	13.3030	195.0000
15.5000	15.6570	40.0000
12.0000	13.2190	255.0000
15.7000	16.0480	65.0000
14.7000	14.7770	110.0000
13.9000	13.5230	35.0000
14.6000	13.4400	235.0000
13.3000	13.5900	150.0000
14.6000	14.3890	150.0000
15.2000	15.3630	22.5000
14.1000	13.3820	220.0000
13.3000	13.8150	155.0000
15.0000	13.8130	235.0000
14.3000	13.4010	275.0000
15.1000	13.6870	285.0000
16.3000	16.3310	145.0000
13.4000	13.7270	40.0000
19.4000	19.3960	265.0000
13.5000	13.3780	215.0000
14.4000	13.2980	175.0000
12.6000	13.6850	30.0000
14.2000	13.4210	210.0000
18.5000	18.4690	250.0000
12.2000	13.3130	165.0000
16.1000	16.1450	55.0000
12.4000	13.9950	35.0000
13.7000	13.8880	50.0000
14.4000	14.3790	70.0000
18.9000	18.8900	240.0000
18.7000	18.6790	65.0000
15.0000	13.7280	350.0000
18.3000	18.3050	240.0000
18.9000	18.9030	110.0000
12.2000	13.4490	265.0000
18.4000	18.3990	160.0000
17.7000	17.6680	135.0000
15.3000	15.7070	95.0000
16.6000	16.4950	300.0000
16.3000	16.4550	100.0000
18.0000	18.0340	110.0000
13.5000	13.5300	90.0000
17.4000	17.3930	120.0000
13.9000	13.6080	345.0000
19.4000	19.3960	260.0000
15.7000	15.1110	215.0000
12.3000	13.5750	200.0000
18.7000	18.7250	120.0000
15.7000	15.8040	150.0000
16.7000	16.4420	350.0000
15.7000	15.8700	60.0000
18.0000	18.0180	105.0000
17.3000	17.2530	200.0000
16.7000	16.7180	100.0000
13.6000	13.5360	90.0000
16.8000	16.8520	150.0000
17.2000	17.2390	235.0000
19.4000	19.3970	255.0000
19.0000	19.0160	140.0000
15.0000	13.5740	285.0000
18.6000	18.6250	85.0000
17.2000	17.1990	160.0000
18.1000	18.1540	100.0000
13.7000	13.5980	155.0000
14.3000	14.1090	45.0000
14.0000	13.5990	105.0000
18.8000	18.7890	240.0000
14.8000	14.6740	130.0000
13.9000	13.6420	255.0000
19.4000	19.3990	280.0000
17.2000	17.2610	195.0000
13.3000	13.2560	200.0000
16.5000	16.6100	200.0000
17.6000	17.6460	220.0000
17.9000	17.8920	185.0000
12.7000	13.6560	155.0000
13.7000	14.4950	290.0000
13.8000	13.4940	85.0000
14.2000	14.4170	120.0000
15.7000	15.8850	95.0000
14.8000	14.9950	65.0000
13.7000	13.4070	70.0000
17.9000	17.9110	145.0000
15.3000	15.4590	50.0000
12.5000	14.3650	210.0000
18.7000	18.6870	215.0000
19.0000	19.0000	185.0000
16.7000	16.7190	70.0000
18.9000	18.8990	185.0000
17.6000	17.6220	145.0000
18.4000	18.3880	250.0000
18.6000	18.6400	115.0000
12.3000	13.5260	30.0000
19.1000	19.1010	215.0000
17.5000	17.3380	325.0000
12.9000	13.5480	135.0000
14.0000	13.3660	310.0000
13.2000	13.5240	235.0000
18.4000	18.3810	210.0000
13.0000	13.4990	295.0000
18.3000	18.2660	180.0000
12.7000	13.3300	220.0000
17.7000	17.6780	140.0000
13.9000	13.3510	270.0000
14.0000	13.5330	215.0000
13.0000	13.7260	325.0000
13.0000	13.3350	45.0000
12.2000	14.5990	345.0000
17.3000	17.1950	125.0000
14.3000	13.6020	65.0000
16.8000	16.8690	175.0000
19.1000	19.2160	25.0000
18.1000	18.1080	235.0000
19.0000	18.9620	60.0000
15.6000	15.7300	70.0000
16.0000	16.0720	40.0000
14.4000	14.2610	285.0000
17.7000	17.6800	150.0000
17.6000	17.5890	155.0000
13.7000	13.3130	90.0000
14.2000	13.4900	310.0000
18.2000	18.2200	70.0000
18.2000	18.1260	355.0000
18.3000	18.2290	30.0000
18.5000	18.5620	90.0000
13.8000	13.2290	60.0000
13.1000	13.4710	70.0000
14.9000	15.0110	65.0000
18.7000	18.6880	90.0000
17.2000	17.2360	20.0000
19.2000	19.1880	295.0000
13.4000	13.4710	35.0000
13.5000	13.5310	210.0000
15.8000	15.1920	280.0000
13.4000	13.4770	150.0000
14.7000	13.5390	315.0000
17.3000	17.3430	180.0000
16.9000	16.9780	25.0000
14.0000	13.7130	335.0000
14.2000	14.2950	65.0000
14.1000	13.3110	180.0000
15.3000	14.7740	315.0000
14.7000	14.2650	105.0000
17.5000	17.5200	185.0000
13.3000	13.6070	45.0000
14.8000	13.7870	245.0000
17.0000	16.9470	250.0000
14.2000	14.3520	20.0000
17.3000	17.3600	245.0000
19.0000	18.9990	100.0000
14.9000	15.6390	40.0000
14.5000	13.3350	315.0000
18.6000	18.5510	240.0000
12.3000	13.5830	255.0000
16.7000	16.5380	315.0000
17.4000	17.2200	335.0000
12.2000	13.6970	90.0000
16.9000	16.8270	285.0000
15.1000	13.5220	325.0000
14.3000	13.4740	180.0000
14.2000	13.6860	295.0000
17.7000	17.5730	360.0000
12.9000	13.3690	20.0000
16.8000	16.7070	285.0000
14.6000	13.3800	340.0000
19.1000	19.0700	45.0000
18.0000	17.9980	180.0000
12.2000	13.8220	355.0000
15.9000	15.1800	350.0000
14.9000	13.6960	280.0000
15.4000	15.3350	170.0000
16.8000	16.7400	295.0000
17.1000	16.9030	330.0000
13.5000	13.4160	85.0000
13.9000	13.1800	165.0000
16.7000	16.7130	95.0000
16.7000	16.6830	230.0000
18.0000	17.8250	25.0000
16.1000	16.1130	225.0000
12.7000	13.3150	125.0000
15.5000	15.7990	75.0000
16.4000	16.3340	255.0000
17.2000	17.2240	360.0000
15.2000	15.4250	55.0000
18.6000	18.5520	225.0000
15.8000	15.6240	355.0000
19.2000	19.2100	95.0000
15.0000	13.5900	360.0000
18.8000	18.8050	340.0000
18.2000	18.1940	195.0000
12.9000	13.6230	115.0000
15.7000	15.9570	145.0000
17.6000	17.6240	175.0000
19.0000	19.0380	65.0000
12.8000	13.8930	20.0000
15.3000	15.4630	140.0000
12.3000	13.5590	220.0000
16.0000	16.2310	125.0000
12.4000	13.7030	205.0000
13.3000	13.5410	360.0000
14.1000	13.7100	165.0000
15.0000	13.7560	185.0000
12.4000	13.5110	175.0000
12.8000	13.3310	150.0000
18.9000	19.0600	25.0000
13.4000	13.4690	95.0000
13.7000	13.5690	100.0000
17.5000	17.4640	190.0000
16.3000	16.3940	80.0000
12.6000	13.4080	80.0000
14.4000	13.5900	60.0000
19.1000	19.1030	135.0000
15.8000	15.2590	275.0000
16.6000	16.6290	245.0000
12.1000	13.5680	20.0000
13.5000	13.3830	22.5000
14.5000	14.9580	25.0000
13.8000	13.4000	355.0000
19.1000	19.0800	120.0000
13.6000	13.4910	70.0000
14.6000	13.5500	255.0000
17.2000	17.2050	140.0000
19.3000	19.2980	135.0000
12.3000	13.4330	145.0000
13.3000	13.5010	115.0000
12.5000	13.9140	330.0000
12.5000	13.4500	65.0000
13.3000	13.3890	55.0000
12.6000	13.5890	55.0000
14.9000	14.0830	190.0000
12.7000	14.3090	185.0000
12.1000	13.4990	105.0000
15.3000	13.5160	340.0000
14.6000	13.5250	270.0000
19.3000	19.2970	330.0000
16.8000	16.9130	30.0000
14.8000	13.6640	285.0000
14.5000	13.6930	80.0000
18.3000	18.2730	185.0000
15.9000	16.0960	75.0000
18.3000	18.3030	235.0000
17.8000	17.8090	285.0000
16.3000	16.3760	45.0000
18.0000	18.0540	255.0000
12.4000	13.4340	155.0000
16.2000	16.3230	40.0000
14.9000	14.4150	360.0000
14.1000	13.6070	105.0000
16.7000	16.7490	190.0000
12.5000	13.5310	350.0000
15.2000	13.6090	260.0000
16.1000	16.1730	190.0000
14.7000	13.5640	260.0000
14.1000	13.8140	140.0000
17.7000	17.7400	255.0000
18.5000	18.5370	80.0000
12.5000	13.4830	285.0000
16.1000	16.2600	135.0000
19.0000	19.1910	20.0000
15.8000	15.9820	35.0000
14.3000	13.6370	325.0000
19.3000	19.2920	145.0000
12.5000	13.4290	22.5000
17.8000	17.8580	230.0000
17.1000	17.0760	100.0000
18.4000	18.4050	155.0000
16.9000	16.8450	85.0000
17.1000	17.0680	260.0000
18.1000	18.1780	80.0000
15.4000	14.7690	200.0000
13.0000	13.4450	135.0000
19.0000	19.0270	145.0000
18.1000	18.0360	310.0000
14.5000	13.7640	255.0000
18.8000	18.8520	125.0000
13.5000	13.5050	275.0000
16.5000	16.6500	110.0000
16.4000	16.5490	160.0000
18.7000	18.8220	20.0000
17.2000	17.2080	150.0000
14.6000	14.9560	55.0000
16.0000	16.0170	210.0000
13.0000	13.4250	305.0000
14.2000	13.4430	275.0000
15.5000	15.9110	70.0000
16.4000	16.3380	270.0000
15.8000	15.8090	95.0000
18.9000	18.8980	165.0000
18.7000	18.7050	170.0000
16.4000	16.4070	140.0000
12.2000	13.3970	300.0000
14.6000	13.5260	220.0000
17.7000	17.5830	335.0000
16.9000	16.7730	300.0000
17.4000	17.4310	55.0000
16.5000	16.5800	105.0000
17.0000	17.0140	85.0000
13.3000	13.6300	265.0000
16.2000	16.2870	195.0000
14.9000	15.6440	35.0000
18.5000	18.4310	340.0000
15.4000	15.6930	90.0000
13.8000	13.6400	185.0000
14.7000	14.8360	70.0000
12.9000	13.5080	65.0000
13.7000	13.5250	320.0000
19.1000	19.0930	250.0000
17.9000	17.9100	105.0000
13.2000	14.5430	265.0000
13.7000	13.5860	360.0000
12.6000	13.9060	305.0000
16.2000	15.8720	255.0000
15.4000	15.3810	110.0000
17.9000	17.9690	75.0000
18.2000	18.2280	240.0000
18.1000	18.0790	130.0000
14.4000	13.6190	170.0000
18.2000	18.2580	100.0000
13.0000	13.6180	220.0000
13.1000	13.8940	310.0000
13.4000	13.6650	280.0000
16.4000	15.9370	350.0000
17.8000	17.8440	255.0000
16.9000	17.0090	175.0000
14.6000	13.9390	115.0000
14.5000	13.5060	140.0000
16.0000	15.7080	205.0000
16.0000	16.1520	95.0000
13.9000	13.4390	275.0000
18.4000	18.3370	215.0000
16.7000	16.7310	105.0000
17.2000	17.0730	355.0000
12.8000	13.3840	340.0000
16.8000	16.6730	350.0000
12.7000	13.6970	265.0000
18.1000	18.1280	250.0000
16.6000	16.5270	195.0000
16.2000	16.2690	135.0000
16.1000	16.2040	20.0000
15.7000	15.8710	45.0000
18.3000	18.2600	310.0000
13.8000	13.4270	145.0000
15.9000	16.0600	155.0000
16.6000	16.4110	335.0000
19.2000	19.1910	285.0000
18.3000	18.3210	165.0000
16.0000	15.8260	285.0000
15.1000	14.5220	155.0000
14.0000	13.3790	225.0000
15.4000	14.3450	250.0000
12.3000	13.5200	330.0000
19.1000	19.1880	20.0000
16.5000	16.5360	145.0000
17.9000	17.9580	280.0000
18.6000	18.5680	235.0000
12.2000	13.9390	20.0000
15.0000	13.4850	250.0000
16.2000	16.3500	90.0000
12.2000	13.4100	140.0000
15.4000	14.6150	255.0000
13.4000	13.4230	55.0000
15.7000	15.9890	50.0000
18.9000	18.9070	160.0000
15.1000	14.4560	195.0000
14.3000	13.4720	225.0000
15.5000	15.5910	60.0000
18.3000	18.2760	355.0000
13.8000	13.4840	120.0000
16.0000	15.4890	235.0000
13.0000	13.4220	290.0000
16.9000	16.9470	115.0000
17.7000	17.7160	90.0000
14.4000	13.3880	135.0000
13.1000	13.4360	22.5000
17.3000	17.3060	90.0000
15.8000	16.0290	90.0000
12.5000	13.4180	300.0000
12.6000	13.4150	140.0000
12.7000	13.4430	285.0000
12.2000	13.5660	135.0000
18.1000	18.1050	270.0000
13.0000	13.6110	65.0000
16.2000	16.1730	225.0000
13.6000	13.3410	355.0000
16.4000	16.4580	85.0000
19.0000	19.0040	115.0000
15.5000	14.5760	320.0000
12.9000	13.5040	265.0000
19.3000	19.2890	115.0000
18.8000	18.8230	100.0000
18.3000	18.2900	305.0000
13.7000	13.7360	350.0000
12.1000	13.6970	110.0000
12.7000	13.5100	150.0000
15.4000	13.3920	315.0000
14.3000	13.1030	270.0000
13.8000	13.7210	35.0000
15.5000	14.7370	215.0000
12.3000	14.6360	125.0000
12.7000	13.5150	295.0000
15.4000	15.3630	155.0000
17.5000	17.4400	290.0000
19.0000	19.0000	235.0000
12.4000	13.4040	125.0000
17.3000	17.4190	30.0000
15.7000	15.8840	22.5000
14.0000	13.4680	75.0000
14.4000	13.4170	300.0000
17.2000	17.2440	70.0000
13.6000	13.9280	155.0000
16.9000	16.9800	22.5000
14.5000	14.5200	110.0000
12.1000	13.3970	180.0000
14.7000	13.6770	160.0000
17.4000	17.4480	255.0000
16.5000	16.5050	100.0000
16.4000	16.5090	210.0000
14.7000	14.0850	345.0000
19.2000	19.1930	325.0000
16.3000	16.3570	30.0000
18.4000	18.4270	85.0000
17.8000	17.7730	115.0000
12.9000	13.3620	315.0000
17.5000	17.5750	210.0000
12.5000	13.7270	200.0000
14.0000	13.5210	275.0000
14.5000	13.3890	345.0000
14.4000	13.4180	180.0000
13.7000	13.4400	325.0000
16.6000	16.5910	185.0000
14.8000	13.8300	240.0000
16.8000	16.6080	255.0000
16.0000	15.8220	280.0000
17.8000	17.8630	245.0000
18.3000	18.3190	65.0000
15.2000	15.0480	115.0000
13.6000	13.3870	95.0000
14.4000	14.9290	105.0000
15.9000	15.5260	200.0000
19.0000	19.0100	190.0000
15.1000	13.5950	310.0000
19.0000	18.9960	280.0000
18.3000	18.2690	315.0000
17.9000	17.7390	22.5000
18.6000	18.6240	120.0000
16.8000	16.7140	65.0000
17.7000	17.7860	205.0000
15.1000	15.0350	65.0000
16.9000	17.0100	160.0000
15.5000	14.3250	245.0000
13.9000	13.7350	100.0000
12.0000	13.4130	360.0000
18.8000	18.8390	140.0000
18.8000	18.8500	110.0000
16.6000	16.6120	265.0000
15.8000	15.7470	255.0000
14.5000	13.8080	320.0000
15.7000	14.5850	330.0000
12.1000	13.4810	350.0000
18.4000	18.3550	360.0000
17.5000	17.4130	350.0000
17.8000	17.7670	350.0000
16.3000	16.3900	165.0000
16.1000	15.7300	290.0000
18.5000	18.4990	185.0000
17.7000	17.7300	200.0000
18.7000	18.7240	130.0000
14.0000	13.3520	190.0000
18.1000	18.0940	210.0000
12.7000	13.2060	35.0000
16.5000	16.5410	230.0000
17.9000	17.8860	35.0000
13.1000	13.4950	225.0000
13.3000	13.4920	195.0000
15.5000	14.2770	310.0000
16.3000	15.6570	355.0000
12.2000	13.4780	170.0000
16.6000	16.6280	225.0000
13.0000	13.6280	150.0000
18.7000	18.6310	325.0000
17.8000	17.7950	195.0000
18.4000	18.4190	110.0000
12.2000	13.6780	315.0000
14.7000	13.6200	250.0000
12.8000	13.5070	245.0000
15.6000	15.1360	200.0000
12.7000	13.7720	260.0000
16.6000	16.6860	110.0000
17.4000	17.2580	345.0000
18.4000	18.4860	75.0000
12.1000	13.4170	195.0000
12.7000	13.5060	170.0000
13.6000	13.5800	50.0000
18.2000	18.1970	155.0000
15.2000	14.2400	275.0000
17.2000	17.0670	310.0000
15.5000	14.7350	265.0000
16.3000	16.4040	135.0000
12.5000	13.5590	30.0000
16.2000	16.3150	35.0000
17.1000	17.1450	175.0000
18.4000	18.4210	105.0000
12.2000	13.6140	195.0000
16.4000	16.4590	20.0000
15.5000	15.6760	35.0000
19.4000	19.4000	195.0000
13.3000	13.4850	130.0000
13.6000	13.3110	25.0000
18.9000	18.9110	135.0000
18.8000	18.7950	245.0000
12.1000	14.0630	130.0000
13.2000	13.3080	360.0000
13.8000	13.3380	240.0000
18.2000	18.2490	255.0000
14.7000	15.1630	22.5000
13.9000	13.3030	260.0000
13.1000	13.4310	195.0000
13.1000	13.5260	90.0000
12.3000	13.8570	130.0000
12.1000	13.4430	45.0000
15.2000	15.3600	85.0000
13.5000	13.9650	65.0000
14.2000	13.9220	70.0000
12.3000	13.5880	285.0000
16.3000	16.4480	75.0000
14.4000	13.5250	165.0000
18.8000	18.7790	95.0000
19.1000	19.0890	340.0000
16.2000	16.2560	110.0000
19.3000	19.2760	360.0000
16.3000	16.4570	40.0000
14.7000	13.4340	305.0000
13.9000	13.5900	45.0000
12.2000	13.3900	60.0000
12.8000	13.4550	70.0000
16.0000	15.8590	270.0000
18.6000	18.5820	305.0000
16.4000	16.0910	310.0000
12.2000	13.4090	335.0000
17.6000	17.6590	40.0000
18.5000	18.4650	235.0000
12.6000	13.6270	280.0000
16.5000	16.1810	300.0000
17.9000	17.9160	220.0000
13.4000	13.5130	225.0000
13.3000	13.4710	22.5000
16.9000	17.0180	215.0000
18.7000	18.6570	265.0000
18.3000	18.3200	90.0000
16.1000	16.1740	110.0000
14.3000	14.6300	90.0000
12.2000	13.4170	305.0000
15.9000	15.3130	315.0000
17.8000	17.6280	25.0000
17.7000	17.7310	280.0000
15.3000	13.5590	350.0000
12.5000	13.3110	225.0000
14.8000	13.7380	345.0000
16.2000	16.1930	190.0000
15.7000	14.6390	285.0000
16.5000	16.2580	345.0000
17.1000	17.2000	195.0000
12.9000	13.2380	335.0000
13.2000	13.4190	120.0000
12.6000	13.3690	220.0000
13.6000	13.5420	110.0000
12.4000	13.6460	22.5000
15.6000	15.1100	255.0000
16.9000	16.9660	165.0000
13.4000	13.4910	45.0000
16.3000	16.3740	200.0000
14.5000	15.0740	20.0000
12.2000	14.4520	255.0000
15.6000	14.8790	355.0000
12.6000	13.4990	230.0000
13.3000	13.3710	230.0000
16.4000	16.4360	60.0000
16.2000	16.3090	180.0000
15.1000	13.8240	225.0000
13.3000	13.5510	210.0000
15.3000	13.6960	300.0000
12.2000	13.2720	110.0000
12.0000	13.2880	220.0000
13.5000	13.5050	270.0000
16.1000	16.2490	80.0000
17.4000	17.4220	80.0000
18.9000	18.8990	280.0000
13.1000	13.4990	190.0000
12.1000	13.3790	275.0000
15.7000	14.8650	300.0000
14.8000	13.5370	310.0000
17.9000	17.9140	95.0000
14.0000	13.8600	205.0000
15.6000	15.0630	235.0000
15.1000	14.8200	100.0000
14.5000	14.0190	180.0000
15.7000	15.8170	160.0000
14.0000	13.5490	300.0000
12.2000	14.0220	150.0000
15.8000	14.9340	335.0000
13.0000	13.4520	120.0000
16.1000	16.2680	90.0000
17.3000	17.3940	20.0000
18.1000	18.0260	30.0000
17.4000	17.3230	275.0000
16.5000	16.6210	130.0000
16.7000	16.5440	305.0000
17.5000	17.4820	110.0000
12.0000	13.4370	175.0000
13.8000	13.4140	280.0000
14.8000	13.6260	325.0000
14.6000	13.6990	145.0000
12.6000	13.5360	120.0000
18.7000	18.7180	175.0000
13.6000	13.5520	80.0000
15.1000	13.8600	230.0000
13.1000	13.9780	170.0000
13.8000	13.4560	155.0000
15.4000	14.6690	345.0000
18.9000	18.8790	260.0000
18.1000	18.1430	110.0000
17.8000	17.8020	170.0000
16.6000	16.3720	350.0000
12.5000	13.4590	145.0000
16.0000	16.0660	135.0000
19.2000	19.1960	305.0000
16.7000	16.3150	340.0000
12.6000	13.4430	145.0000
15.0000	14.9450	110.0000
12.5000	13.3630	280.0000
19.4000	19.3990	190.0000
16.2000	16.2530	85.0000
18.5000	18.5490	45.0000
17.3000	17.2950	115.0000
14.7000	13.8180	185.0000
14.5000	13.8690	285.0000
12.5000	13.6150	180.0000
19.3000	19.3010	195.0000
17.7000	17.6860	125.0000
18.4000	18.4050	115.0000
17.2000	17.2250	165.0000
12.0000	13.4170	135.0000
15.4000	14.3200	330.0000
18.2000	18.1890	175.0000
15.8000	16.0730	110.0000
19.4000	19.3890	305.0000
15.1000	14.9750	145.0000
19.4000	19.2560	40.0000
16.5000	16.5530	115.0000
13.8000	13.6130	220.0000
13.9000	13.2370	360.0000
18.6000	18.5940	45.0000
14.4000	13.4180	350.0000
15.6000	15.9230	105.0000
16.5000	16.5230	175.0000
17.9000	17.9090	230.0000
19.0000	19.0140	110.0000
15.1000	13.6940	280.0000
14.7000	13.5640	140.0000
16.5000	16.3660	275.0000
14.7000	13.5900	325.0000
16.4000	16.1980	260.0000
16.0000	16.0780	150.0000
19.4000	19.3510	55.0000
13.1000	13.4320	130.0000
17.3000	17.3520	55.0000
14.6000	13.8580	135.0000
18.0000	17.9720	185.0000
13.5000	13.4050	40.0000
16.8000	16.8050	110.0000
12.3000	13.2400	275.0000
15.0000	13.6630	220.0000
14.7000	13.9770	125.0000
18.9000	18.8930	305.0000
18.2000	18.1410	315.0000
17.5000	17.5020	80.0000
18.2000	18.2210	235.0000
15.5000	15.0130	220.0000
16.1000	16.2030	60.0000
17.0000	17.0090	140.0000
13.2000	13.2900	35.0000
15.3000	15.6070	145.0000
13.4000	13.5080	210.0000
18.6000	18.6140	55.0000
17.4000	17.3050	330.0000
14.7000	14.9360	55.0000
13.6000	13.3070	180.0000
14.1000	13.4620	230.0000
13.5000	13.6350	255.0000
13.4000	13.4670	120.0000
15.8000	14.9660	285.0000
17.7000	17.7210	210.0000
17.3000	17.3300	60.0000
15.8000	16.0820	105.0000
18.0000	17.9550	160.0000
17.3000	17.1950	295.0000
13.3000	13.4080	325.0000
16.3000	16.4040	22.5000
18.2000	18.2190	320.0000
19.4000	19.3950	95.0000
17.8000	17.6490	355.0000
18.9000	18.8880	330.0000
18.2000	18.2150	190.0000
13.8000	13.5330	330.0000
15.2000	15.4370	65.0000
12.4000	13.4750	235.0000
12.3000	13.5280	50.0000
18.6000	18.5910	195.0000
14.6000	13.4730	120.0000
12.5000	13.8160	140.0000
15.9000	15.8740	85.0000
14.6000	13.6260	305.0000
18.6000	18.5780	270.0000
17.3000	17.3700	50.0000
16.6000	16.3380	355.0000
12.7000	13.4660	280.0000
15.3000	14.0650	335.0000
19.3000	19.3010	290.0000
16.5000	16.5200	210.0000
18.5000	18.5070	320.0000
14.0000	13.6050	20.0000
13.0000	13.2960	260.0000
16.8000	16.6990	260.0000
15.9000	15.7080	150.0000
14.3000	13.4890	255.0000
16.6000	16.7480	30.0000
15.1000	13.6410	210.0000
16.6000	16.7830	155.0000
18.8000	18.8010	220.0000
17.4000	17.4800	200.0000
19.2000	19.2020	235.0000
15.9000	15.2200	290.0000
19.3000	19.3030	100.0000
16.5000	16.5720	125.0000
19.0000	19.0070	70.0000
16.2000	15.8710	310.0000
13.9000	13.4090	305.0000
13.7000	13.4650	105.0000
12.5000	13.3440	70.0000
13.2000	13.4340	75.0000
19.3000	19.2930	250.0000
14.6000	13.5700	295.0000
13.8000	13.6190	45.0000
16.4000	16.5310	130.0000
14.5000	13.8150	190.0000
16.2000	16.2560	60.0000
18.1000	18.1640	75.0000
14.5000	13.5950	205.0000
15.9000	15.8280	175.0000
12.8000	13.4870	195.0000
19.0000	18.9960	180.0000
15.4000	14.9160	225.0000
15.0000	13.7710	210.0000
12.4000	13.4990	65.0000
15.2000	15.3680	50.0000
13.8000	13.3360	140.0000
14.3000	14.4190	350.0000
18.7000	18.6320	230.0000
12.2000	13.6660	85.0000
16.8000	16.6380	315.0000
13.2000	13.4800	45.0000
15.3000	14.4290	235.0000
19.0000	18.9230	40.0000
15.3000	14.7730	260.0000
13.4000	13.3190	330.0000
16.4000	16.3470	155.0000
18.7000	18.6610	280.0000
18.7000	18.7080	165.0000
13.7000	13.5050	205.0000
17.6000	17.6230	120.0000
15.7000	15.7820	175.0000
16.8000	16.7580	310.0000
19.2000	19.2300	50.0000
13.0000	14.3660	255.0000
15.3000	15.4120	90.0000
14.2000	13.4920	215.0000
18.5000	18.5600	70.0000
15.6000	15.9300	80.0000
12.0000	13.4400	340.0000
16.0000	15.2950	345.0000
16.3000	16.3940	195.0000
18.0000	18.0160	290.0000
15.2000	15.2090	120.0000
14.0000	13.4740	305.0000
13.5000	13.5040	285.0000
13.6000	13.7350	22.5000
17.8000	17.7870	180.0000
18.9000	18.9070	345.0000
14.0000	13.4180	265.0000
18.6000	18.6350	170.0000
15.2000	13.5800	230.0000
13.9000	13.2770	340.0000
19.2000	19.1780	265.0000
13.9000	13.5070	265.0000
12.1000	13.3230	320.0000
12.7000	13.4250	22.5000
19.0000	19.0090	125.0000
14.4000	14.8620	35.0000
17.1000	17.0320	250.0000
18.3000	18.2810	190.0000
12.2000	13.4890	130.0000
13.2000	13.5500	260.0000
13.2000	13.4880	60.0000
14.7000	13.6530	300.0000
13.4000	13.3670	100.0000
16.6000	16.6510	70.0000
16.5000	16.4200	160.0000
14.2000	13.5060	115.0000
14.4000	13.3130	315.0000
18.0000	17.9840	120.0000
13.6000	13.3240	75.0000
13.3000	14.0030	215.0000
14.2000	14.3120	330.0000
13.1000	13.6180	80.0000
16.7000	16.5820	260.0000
16.5000	16.3830	310.0000
19.1000	19.0880	275.0000
12.9000	13.4420	205.0000
14.6000	13.4640	335.0000
18.6000	18.5750	200.0000
15.0000	15.2580	90.0000
18.4000	18.3930	290.0000
16.0000	16.1910	130.0000
14.7000	14.1300	75.0000
15.7000	15.8810	155.0000
15.1000	14.0550	165.0000
19.1000	19.0910	290.0000
15.3000	14.3710	190.0000
13.5000	13.6310	300.0000
12.2000	13.3530	340.0000
18.6000	18.5730	245.0000
13.2000	13.4840	190.0000
18.8000	18.8400	45.0000
17.6000	17.6160	130.0000
18.7000	18.7080	190.0000
14.1000	13.5640	30.0000
14.5000	14.5490	100.0000
16.6000	16.6610	22.5000
19.2000	19.1990	270.0000
14.2000	13.6860	180.0000
18.3000	18.2980	170.0000
12.5000	13.5070	50.0000
18.5000	18.5360	85.0000
14.9000	13.9890	220.0000
15.3000	15.6150	75.0000
16.3000	16.0640	300.0000
17.8000	17.7800	125.0000
14.3000	13.6260	240.0000
15.0000	14.1740	310.0000
16.5000	16.3180	290.0000
17.1000	17.1850	240.0000
12.4000	13.4250	290.0000
15.9000	15.5150	310.0000
14.2000	13.4360	245.0000
14.8000	13.5870	280.0000
17.9000	17.8170	335.0000
17.2000	17.2620	170.0000
16.7000	16.6200	275.0000
16.8000	16.8080	210.0000
15.0000	13.5700	245.0000
17.0000	17.1130	355.0000
12.7000	13.4200	110.0000
17.4000	17.4210	50.0000
16.4000	16.5470	110.0000
13.5000	13.4780	140.0000
16.3000	16.3580	140.0000
13.8000	13.5240	245.0000
12.7000	13.4860	230.0000
13.8000	13.6660	170.0000
13.7000	13.4110	245.0000
14.1000	14.1940	320.0000
17.7000	17.7090	40.0000
14.9000	15.5110	45.0000
12.9000	13.2730	90.0000
15.0000	14.3440	120.0000
17.7000	17.7430	235.0000
18.3000	18.3090	275.0000
12.6000	13.6230	355.0000
14.2000	13.6360	140.0000
15.2000	14.8230	315.0000
16.1000	15.7940	315.0000
14.3000	13.4980	330.0000
16.3000	16.0980	295.0000
15.7000	15.6280	260.0000
15.9000	15.8430	215.0000
16.9000	16.8960	50.0000
12.6000	13.3220	150.0000
18.8000	18.8440	130.0000
16.7000	16.6910	35.0000
15.2000	15.2420	100.0000
19.4000	19.3900	300.0000
16.1000	16.1600	75.0000
15.6000	14.1940	315.0000
15.2000	14.6460	175.0000
15.4000	15.9020	85.0000
18.9000	18.9140	145.0000
18.8000	18.8010	205.0000
17.1000	17.1870	45.0000
17.8000	17.7930	300.0000
17.2000	17.3070	220.0000
14.6000	14.0640	70.0000
15.3000	14.8480	150.0000
17.9000	17.9780	250.0000
18.0000	18.0580	265.0000
12.5000	13.5830	115.0000
15.2000	15.2290	155.0000
18.9000	18.8850	275.0000
17.1000	17.1610	190.0000
17.0000	17.0210	25.0000
15.3000	14.9010	125.0000
14.0000	13.5400	110.0000
13.5000	13.3310	135.0000
15.7000	15.4440	250.0000
18.4000	18.3940	255.0000
17.1000	17.1090	270.0000
13.3000	13.5400	140.0000
14.6000	14.1560	210.0000
12.8000	13.4470	230.0000
16.3000	15.8280	330.0000
15.6000	15.6530	175.0000
13.6000	14.6190	240.0000
17.3000	17.4200	25.0000
17.3000	17.2310	305.0000
16.5000	16.6130	205.0000
18.8000	18.8000	320.0000
16.9000	16.8130	335.0000
14.3000	14.1530	250.0000
15.9000	16.0130	135.0000
17.9000	17.9540	80.0000
15.8000	15.9520	45.0000
14.9000	13.3820	330.0000
15.1000	13.9630	275.0000
17.6000	17.4900	330.0000
16.1000	15.9620	205.0000
17.7000	17.7630	65.0000
12.1000	13.4000	95.0000
12.6000	13.6110	210.0000
12.0000	13.4030	335.0000
19.4000	19.3860	290.0000
18.7000	18.6810	225.0000
17.5000	17.5480	40.0000
15.7000	14.9790	265.0000
12.4000	13.4210	310.0000
16.7000	16.7070	175.0000
17.2000	16.9240	300.0000
14.5000	14.2900	120.0000
12.3000	13.4250	170.0000
13.6000	13.3650	300.0000
15.2000	13.6840	320.0000
14.7000	13.4710	295.0000
18.6000	18.6210	80.0000
18.9000	18.8560	45.0000
19.1000	19.1020	175.0000
14.0000	13.3220	140.0000
14.9000	13.4550	340.0000
15.6000	15.6550	55.0000
17.7000	17.7580	195.0000
18.4000	18.3820	175.0000
14.8000	14.5560	120.0000
16.8000	16.8750	140.0000
16.4000	16.1410	320.0000
19.2000	19.2170	155.0000
12.6000	13.5610	225.0000
19.3000	19.3030	170.0000
17.3000	17.3020	260.0000
12.3000	13.3820	75.0000
13.4000	13.5760	230.0000
18.4000	18.4160	265.0000
14.1000	13.3320	265.0000
19.1000	19.0900	230.0000
18.5000	18.5680	55.0000
16.6000	16.6100	55.0000
16.0000	15.7360	245.0000
13.9000	13.5740	200.0000
13.8000	13.5930	215.0000
19.2000	19.2020	215.0000
13.8000	13.5010	325.0000
16.8000	16.8690	165.0000
12.9000	13.5780	60.0000
12.9000	13.4720	260.0000
18.6000	18.5760	220.0000
19.3000	19.2980	310.0000
13.4000	13.3870	355.0000
16.0000	15.6380	315.0000
17.9000	17.9030	150.0000
18.2000	18.1790	290.0000
12.4000	13.3860	165.0000
17.4000	17.3570	95.0000
17.4000	17.3520	205.0000
15.7000	15.5390	280.0000
19.0000	19.0020	330.0000
13.3000	13.4980	225.0000
17.6000	17.4510	360.0000
18.1000	18.1180	320.0000
19.2000	19.2000	205.0000
14.2000	13.8840	260.0000
18.8000	18.7900	295.0000
14.0000	13.9260	40.0000
18.2000	18.1790	260.0000
14.4000	13.6270	110.0000
15.1000	14.7190	215.0000
13.9000	13.7150	40.0000
13.8000	13.6210	210.0000
16.0000	16.1830	60.0000
18.7000	18.7100	110.0000
14.0000	13.6780	60.0000
17.2000	17.2920	350.0000
13.9000	13.7160	195.0000
13.5000	14.0570	145.0000
16.8000	16.8630	225.0000
19.2000	19.1830	275.0000
15.3000	15.5130	25.0000
18.1000	18.0010	360.0000
17.6000	17.6170	170.0000
12.1000	13.2870	240.0000
18.8000	18.8230	150.0000
17.7000	17.7490	265.0000
13.1000	13.4710	140.0000
18.7000	18.6820	350.0000
17.1000	16.9810	315.0000
16.1000	15.6970	350.0000
15.1000	14.5100	270.0000
17.1000	17.1190	135.0000
12.7000	13.5460	325.0000
13.4000	13.3620	60.0000
17.5000	17.5400	175.0000
18.3000	18.2840	155.0000
12.3000	13.4470	310.0000
16.9000	16.9540	95.0000
19.1000	19.1140	360.0000
18.7000	18.7090	150.0000
13.3000	13.3340	320.0000
15.8000	15.4900	230.0000
17.8000	17.7550	110.0000
18.8000	18.8710	115.0000
18.9000	18.9000	170.0000
16.0000	15.8700	250.0000
15.1000	13.6430	245.0000
18.4000	18.3920	180.0000
13.5000	14.3140	165.0000
16.1000	15.9370	285.0000
15.9000	15.8590	205.0000
18.4000	18.3660	335.0000
18.0000	17.9610	40.0000
15.1000	13.8920	295.0000
13.2000	13.3160	20.0000
17.3000	17.3150	120.0000
14.3000	13.5840	340.0000
12.1000	13.5160	40.0000
12.5000	13.4910	20.0000
17.0000	16.8110	325.0000
18.4000	18.3670	195.0000
16.4000	16.1330	340.0000
17.3000	17.2640	285.0000
18.1000	18.1520	65.0000
14.8000	13.7560	180.0000
15.4000	15.2680	115.0000
18.3000	18.2670	210.0000
13.2000	13.3850	80.0000
14.9000	14.4520	80.0000
15.4000	15.4040	45.0000
13.4000	13.8110	345.0000
17.2000	17.1620	100.0000
14.1000	13.6420	250.0000
15.6000	15.8930	125.0000
19.0000	18.9990	255.0000
14.9000	14.8790	85.0000
18.5000	18.4720	355.0000
16.7000	16.7440	90.0000
18.5000	18.4770	270.0000
15.2000	14.4560	215.0000
17.4000	17.4460	195.0000
12.8000	13.6700	200.0000
17.8000	17.7990	165.0000
16.7000	16.8340	170.0000
16.4000	16.4920	195.0000
13.8000	13.3460	135.0000
19.1000	19.1110	165.0000
17.6000	17.6210	230.0000
15.7000	14.7930	305.0000
15.0000	15.1740	100.0000
17.0000	17.0680	145.0000
13.5000	13.5660	290.0000
17.6000	17.6270	240.0000
19.1000	19.1430	90.0000
12.3000	13.5240	195.0000
19.3000	19.3420	240.0000
17.8000	17.8380	60.0000
18.1000	18.1140	125.0000
16.2000	16.3320	30.0000
15.0000	14.0630	355.0000
13.2000	13.4880	160.0000
12.0000	13.4140	45.0000
13.3000	13.7810	205.0000
14.6000	14.9140	40.0000
13.6000	13.6010	65.0000
12.5000	13.4660	90.0000
19.1000	19.0870	320.0000
13.5000	14.1500	205.0000
13.2000	13.4580	285.0000
18.9000	18.8840	215.0000
15.8000	15.8320	180.0000
12.4000	13.4950	160.0000
15.7000	15.8740	70.0000
13.9000	13.7660	310.0000
16.0000	16.1130	90.0000
17.7000	17.6540	130.0000
14.8000	13.4660	315.0000
15.3000	15.4980	110.0000
16.4000	16.3730	215.0000
19.2000	19.1970	195.0000
19.4000	19.3900	125.0000
14.1000	13.4980	120.0000
13.1000	13.9430	180.0000
17.4000	17.4540	210.0000
17.4000	17.3640	300.0000
17.2000	17.3660	225.0000
13.4000	13.4590	335.0000
19.0000	19.0030	250.0000
12.1000	13.2560	325.0000
14.8000	13.5630	230.0000
13.3000	13.5570	250.0000
17.1000	17.2730	200.0000
13.6000	13.4170	60.0000
14.1000	13.3960	175.0000
19.1000	19.0910	35.0000
15.6000	15.7290	45.0000
16.4000	16.4910	100.0000
15.8000	15.7700	185.0000
15.0000	13.5210	340.0000
15.8000	16.1040	70.0000
13.5000	13.5620	230.0000
12.5000	13.6780	325.0000
14.8000	13.7390	190.0000
13.2000	13.4560	245.0000
17.6000	17.6140	90.0000
15.8000	15.9700	125.0000
15.1000	15.6720	95.0000
17.7000	17.7180	190.0000
13.1000	13.4330	275.0000
17.1000	17.0440	150.0000
13.3000	14.1230	185.0000
17.8000	17.8240	200.0000
12.4000	13.4440	250.0000
13.0000	13.3880	300.0000
15.4000	15.6380	50.0000
13.0000	13.6440	275.0000
16.9000	16.9450	20.0000
15.1000	15.0910	115.0000
19.2000	19.2010	225.0000
13.7000	13.4900	230.0000
14.6000	13.7230	175.0000
18.1000	18.1560	255.0000
16.7000	16.8910	140.0000
16.2000	16.2230	210.0000
17.1000	16.9750	295.0000
12.4000	13.3610	215.0000
16.3000	15.8860	360.0000
16.9000	16.8490	230.0000
18.9000	18.9000	220.0000
14.4000	14.1520	100.0000
16.0000	15.5770	185.0000
15.8000	15.8800	170.0000
16.1000	16.1990	40.0000
14.1000	13.5440	60.0000
16.6000	16.5790	250.0000
12.1000	13.4710	190.0000
19.0000	18.9450	45.0000
15.7000	15.6950	105.0000
12.8000	14.2460	310.0000
15.8000	15.6330	115.0000
16.3000	16.3360	190.0000
16.9000	16.7590	330.0000
18.1000	18.0910	175.0000
15.9000	16.0670	25.0000
15.9000	15.9500	70.0000
17.6000	17.5750	100.0000
15.4000	14.9290	185.0000
14.0000	13.3290	145.0000
18.6000	18.5940	40.0000
13.0000	13.5670	340.0000
16.8000	16.8070	90.0000
12.3000	13.6880	245.0000
15.0000	13.4350	295.0000
17.1000	17.0530	115.0000
18.8000	18.8240	355.0000
13.9000	13.5330	120.0000
13.5000	13.8540	50.0000
13.4000	14.3640	205.0000
12.8000	13.1930	145.0000
15.2000	13.6830	250.0000
17.3000	17.3330	75.0000
13.8000	13.4880	315.0000
14.9000	14.4660	130.0000
14.1000	13.4860	75.0000
18.5000	18.4780	290.0000
18.1000	18.1210	115.0000
12.8000	13.5660	35.0000
17.2000	17.2770	230.0000
16.5000	16.5300	65.0000
15.6000	15.1640	260.0000
17.3000	17.1900	340.0000
13.8000	13.4010	225.0000
15.5000	14.1790	335.0000
12.4000	13.3000	85.0000
14.3000	13.2270	205.0000
13.9000	13.6120	22.5000
16.0000	15.4840	240.0000
18.1000	18.1010	145.0000
15.7000	15.6470	335.0000
15.6000	15.8650	120.0000
14.6000	13.8970	95.0000
14.3000	13.8320	55.0000
17.8000	17.8890	275.0000
17.5000	17.5500	55.0000
14.1000	13.4890	170.0000
18.8000	18.7910	265.0000
14.5000	13.4720	325.0000
14.8000	14.2350	85.0000
15.4000	14.0090	235.0000
14.9000	14.3130	230.0000
14.2000	13.4540	360.0000
16.9000	16.7780	360.0000
12.7000	13.3540	105.0000
15.9000	15.4100	260.0000
16.1000	15.7410	325.0000
18.4000	18.1300	20.0000
18.3000	18.2950	195.0000
17.2000	17.1750	210.0000
16.8000	16.9250	130.0000
18.3000	18.2850	50.0000
17.6000	17.6590	55.0000
16.1000	15.8670	270.0000
14.5000	14.7770	30.0000
16.3000	15.9960	325.0000
17.1000	16.9550	305.0000
14.0000	13.4910	245.0000
15.5000	15.2390	205.0000
19.2000	19.1930	350.0000
15.7000	14.4620	255.0000
14.6000	13.2110	355.0000
19.1000	19.0960	235.0000
16.7000	16.7410	165.0000
14.9000	13.9260	275.0000
15.2000	15.7690	90.0000
16.7000	16.5580	325.0000
15.8000	14.5570	345.0000
12.4000	13.5180	30.0000
18.0000	17.9910	235.0000
18.5000	18.5180	140.0000
14.2000	13.5710	85.0000
15.2000	15.3590	30.0000
17.2000	17.2640	200.0000
13.3000	13.2970	60.0000
14.1000	13.4300	345.0000
16.2000	16.3510	165.0000
15.2000	15.0430	135.0000
15.3000	13.7700	270.0000
12.8000	13.3530	180.0000
18.2000	18.1810	60.0000
19.4000	19.3870	275.0000
14.6000	13.5810	245.0000
12.0000	13.4930	200.0000
15.6000	13.7150	320.0000
18.2000	18.2300	245.0000
15.4000	15.5350	20.0000
14.0000	13.4670	115.0000
15.8000	15.9170	175.0000
15.8000	15.1060	325.0000
18.4000	18.4510	65.0000
13.4000	13.6120	295.0000
16.1000	16.1650	115.0000
18.1000	18.1370	225.0000
16.8000	16.8780	45.0000
18.4000	18.3850	170.0000
18.3000	18.3410	100.0000
15.9000	15.8350	240.0000
15.4000	15.5490	22.5000
17.7000	17.7080	295.0000
13.4000	13.4620	300.0000
12.4000	14.1260	300.0000
14.1000	13.3900	305.0000
19.4000	19.3880	320.0000
16.1000	16.0190	230.0000
12.3000	13.3660	22.5000
14.4000	13.6750	290.0000
13.7000	13.6410	255.0000
17.3000	17.1940	320.0000
14.8000	13.8590	220.0000
19.2000	19.1910	250.0000
17.9000	17.8910	210.0000
15.7000	15.7650	180.0000
14.8000	13.7510	105.0000
19.3000	19.3000	215.0000
15.8000	15.8760	50.0000
15.6000	14.6610	325.0000
16.7000	16.6430	115.0000
17.8000	17.7720	130.0000
17.5000	17.5660	250.0000
12.6000	13.3520	95.0000
12.1000	13.3880	25.0000
16.0000	15.9880	155.0000
13.8000	13.4400	350.0000
12.9000	13.3570	160.0000
12.4000	13.7830	245.0000
18.9000	18.8870	290.0000
14.8000	14.5820	185.0000
17.2000	17.2000	205.0000
13.3000	13.3100	295.0000
14.2000	13.6410	200.0000
12.0000	13.5240	155.0000
17.8000	17.7730	120.0000
18.3000	18.3220	105.0000
19.4000	19.3580	115.0000
17.6000	17.5930	200.0000
14.8000	13.6060	165.0000
12.8000	13.3960	125.0000
16.1000	16.1750	160.0000
18.8000	18.7910	230.0000
14.0000	14.4080	200.0000
13.1000	13.4030	150.0000
13.0000	13.4900	55.0000
18.1000	18.1440	275.0000
15.2000	13.6080	305.0000
16.3000	16.1040	270.0000
13.0000	13.3130	40.0000
19.3000	19.2980	155.0000
17.4000	17.4220	35.0000
16.9000	16.9940	235.0000
17.2000	17.3030	190.0000
12.7000	13.3750	240.0000
12.2000	13.3330	22.5000
14.2000	14.5760	50.0000
15.3000	15.5260	55.0000
17.7000	17.5900	22.5000
14.3000	13.5690	335.0000
13.2000	13.6040	200.0000
18.3000	18.2870	175.0000
18.8000	18.7890	300.0000
16.5000	16.6180	35.0000
19.0000	18.9930	355.0000
16.2000	15.6060	330.0000
13.4000	14.4620	265.0000
15.3000	15.0470	105.0000
13.0000	13.2720	285.0000
13.1000	13.2800	285.0000
16.5000	16.3350	325.0000
17.5000	17.4690	125.0000
17.8000	17.8050	100.0000
12.3000	13.3440	105.0000
16.6000	16.7450	150.0000
18.8000	18.8410	120.0000
17.2000	17.2020	90.0000
15.5000	15.7450	150.0000
17.2000	17.2360	270.0000
16.6000	16.6560	240.0000
15.3000	15.4010	45.0000
17.4000	17.4590	235.0000
13.7000	13.4690	22.5000
16.2000	15.7550	340.0000
18.9000	18.9050	335.0000
12.7000	13.4540	310.0000
15.1000	14.2170	320.0000
16.6000	16.7170	105.0000
12.9000	13.3710	250.0000
14.5000	14.5580	220.0000
16.3000	16.3290	50.0000
16.3000	15.9330	345.0000
12.0000	13.3990	160.0000
16.9000	16.8750	105.0000
15.6000	14.6380	265.0000
14.1000	13.3980	235.0000
16.5000	16.5620	75.0000
13.1000	13.5760	205.0000
17.7000	17.7100	180.0000
17.4000	17.4470	40.0000
18.3000	18.2610	340.0000
13.5000	13.2950	335.0000
19.4000	19.3910	335.0000
17.3000	17.3780	175.0000
18.0000	18.0640	85.0000
12.5000	13.3150	260.0000
12.4000	13.6110	335.0000
18.8000	18.7930	270.0000
17.9000	17.9290	50.0000
18.7000	18.7180	125.0000
15.1000	15.5620	90.0000
15.6000	14.9190	300.0000
14.5000	13.4490	160.0000
13.8000	13.6240	25.0000
15.7000	14.9870	245.0000
18.4000	18.3720	330.0000
18.2000	18.2470	80.0000
18.1000	18.0830	190.0000
12.1000	13.5120	335.0000
18.1000	18.1020	325.0000
13.0000	13.3130	200.0000
14.7000	13.8650	180.0000
19.2000	19.1810	340.0000
17.8000	17.8380	290.0000
16.8000	16.6350	335.0000
13.2000	13.7150	255.0000
17.9000	17.9490	60.0000
14.4000	13.8980	120.0000
14.2000	14.8480	30.0000
16.0000	16.1230	50.0000
18.0000	18.0480	230.0000
17.3000	17.3210	35.0000
12.2000	13.2680	200.0000
13.6000	13.3000	250.0000
13.6000	13.1790	85.0000
12.1000	13.3760	225.0000
18.0000	18.0320	75.0000
18.1000	18.1010	245.0000
16.3000	16.4440	35.0000
16.0000	15.0870	340.0000
12.7000	13.3720	100.0000
12.4000	13.2260	145.0000
12.8000	13.3580	220.0000
19.3000	19.2880	40.0000
16.0000	16.1920	70.0000
15.6000	15.7560	25.0000
12.5000	13.8480	345.0000
19.1000	19.0780	265.0000
13.4000	13.3140	170.0000
17.7000	17.6990	275.0000
16.9000	17.0220	195.0000
16.4000	16.0730	325.0000
13.1000	13.4480	95.0000
18.0000	18.0380	260.0000
12.0000	13.4150	225.0000
15.0000	13.7170	305.0000
13.9000	13.5490	355.0000
12.6000	13.3720	175.0000
15.6000	15.5930	195.0000
12.1000	13.4400	90.0000
16.3000	16.0160	340.0000
17.6000	17.6520	255.0000
19.2000	19.2050	110.0000
18.8000	18.7760	90.0000
16.8000	16.8260	100.0000
16.8000	16.8630	135.0000
15.6000	15.3480	180.0000
12.1000	13.4930	355.0000
19.2000	19.2280	85.0000
12.1000	13.5300	65.0000
16.2000	16.2890	115.0000
17.4000	17.4950	170.0000
18.0000	17.6770	22.5000
13.1000	13.3550	125.0000
16.6000	16.4120	320.0000
