True_Tex	Predicted_Tex	True_LogN
290.0000	239.6500	13.4000
180.0000	175.0500	18.8000
125.0000	124.8500	16.7000
25.0000	28.5250	12.8000
275.0000	229.0000	12.7000
90.0000	91.8500	19.2000
45.0000	42.1750	16.9000
335.0000	334.5000	17.8000
40.0000	38.1000	16.7000
215.0000	216.2500	17.9000
110.0000	126.2000	12.8000
125.0000	126.7500	17.1000
240.0000	240.1500	15.2000
170.0000	169.8500	16.4000
105.0000	153.4500	12.5000
105.0000	152.2500	12.6000
40.0000	40.0000	15.2000
320.0000	319.8500	18.6000
200.0000	199.9500	15.3000
340.0000	252.6000	12.1000
260.0000	274.4500	13.6000
150.0000	151.5500	17.5000
115.0000	127.2000	19.1000
40.0000	119.6500	12.0000
145.0000	145.0000	16.6000
100.0000	100.7000	14.3000
165.0000	164.2000	17.0000
175.0000	172.9500	17.8000
105.0000	106.1000	17.7000
345.0000	344.5000	18.3000
345.0000	345.6500	18.2000
240.0000	284.8000	13.5000
160.0000	161.8500	13.5000
250.0000	256.1000	14.8000
360.0000	359.3500	17.5000
320.0000	254.9000	12.4000
80.0000	79.4500	17.7000
135.0000	133.8500	14.8000
240.0000	249.5500	12.5000
205.0000	204.8000	16.8000
35.0000	34.9500	13.7000
80.0000	81.0500	13.8000
290.0000	296.8000	19.2000
330.0000	329.3500	16.4000
140.0000	139.7000	14.6000
75.0000	74.2500	16.0000
345.0000	343.4500	19.0000
235.0000	233.0000	13.6000
310.0000	310.6500	17.5000
125.0000	124.6000	15.5000
35.0000	38.9000	17.1000
230.0000	257.5000	13.0000
120.0000	120.2500	17.1000
205.0000	203.9500	17.9000
265.0000	250.2000	12.4000
45.0000	43.3750	16.7000
65.0000	64.8000	12.7000
65.0000	65.0000	15.6000
155.0000	155.6000	17.4000
70.0000	76.0000	18.4000
285.0000	282.5000	18.7000
320.0000	320.7000	16.0000
55.0000	54.0500	18.2000
175.0000	186.8000	19.2000
340.0000	331.9500	14.4000
360.0000	256.5000	12.7000
205.0000	208.8500	14.4000
75.0000	174.1500	12.2000
200.0000	199.9000	17.0000
290.0000	283.9500	18.8000
195.0000	196.0500	14.6000
190.0000	189.2500	17.0000
275.0000	230.2000	12.8000
75.0000	73.5500	13.0000
200.0000	199.9000	16.1000
235.0000	247.3500	14.5000
235.0000	232.8000	17.6000
300.0000	300.1500	18.3000
240.0000	239.9000	16.4000
20.0000	22.8000	17.5000
100.0000	99.5000	14.9000
35.0000	35.2500	13.5000
130.0000	130.2500	17.1000
90.0000	90.0000	14.6000
170.0000	170.2000	15.6000
315.0000	315.1500	15.1000
200.0000	244.5000	12.6000
260.0000	259.5000	15.8000
135.0000	181.9500	12.6000
325.0000	328.9000	14.4000
345.0000	341.9000	18.7000
120.0000	120.2000	16.6000
115.0000	107.0000	18.5000
20.0000	22.0000	16.7000
30.0000	32.0750	18.4000
300.0000	300.8000	15.9000
60.0000	61.8000	17.6000
250.0000	251.1500	15.6000
350.0000	347.3000	14.7000
110.0000	111.9000	13.8000
295.0000	298.4500	14.9000
150.0000	147.3500	18.0000
325.0000	325.4500	18.0000
165.0000	164.3500	14.7000
20.0000	20.0250	13.5000
55.0000	56.1500	16.5000
185.0000	185.1000	16.8000
205.0000	205.0500	13.8000
75.0000	74.9000	15.4000
180.0000	180.0500	17.5000
40.0000	73.4500	12.2000
235.0000	223.7500	13.3000
305.0000	303.9500	17.0000
215.0000	217.1500	18.0000
350.0000	351.4000	17.7000
105.0000	105.2000	15.2000
115.0000	213.1000	12.2000
115.0000	117.6000	13.5000
345.0000	257.7000	12.0000
170.0000	198.7250	12.8000
40.0000	41.3000	18.4000
310.0000	310.1500	17.7000
355.0000	356.0000	17.6000
245.0000	235.4500	12.9000
230.0000	259.7000	12.1000
90.0000	90.1500	14.4000
50.0000	50.2000	13.9000
35.0000	36.3000	14.3000
305.0000	243.2000	12.0000
95.0000	89.9000	18.6000
155.0000	157.0000	18.8000
290.0000	230.2250	12.2000
330.0000	238.3500	13.1000
170.0000	172.6500	14.3000
235.0000	231.9500	18.7000
100.0000	100.1000	18.5000
55.0000	54.9500	14.9000
320.0000	247.8500	12.6000
320.0000	318.0500	14.8000
155.0000	155.2500	17.2000
355.0000	254.4000	12.0000
290.0000	290.9500	15.7000
135.0000	130.2000	18.1000
195.0000	193.5500	18.0000
90.0000	89.7000	15.9000
80.0000	80.4500	14.4000
350.0000	228.8500	13.2000
255.0000	257.0000	14.7000
255.0000	255.4000	17.2000
50.0000	67.2000	12.4000
195.0000	196.6500	14.9000
300.0000	301.2000	15.5000
180.0000	179.4000	15.1000
290.0000	291.2500	14.8000
20.0000	20.1750	13.9000
195.0000	193.2500	17.5000
200.0000	245.2500	12.4000
255.0000	232.3500	12.5000
110.0000	223.2500	12.3000
285.0000	282.0000	18.4000
100.0000	100.0000	15.3000
25.0000	24.8250	13.3000
235.0000	236.1500	13.1000
255.0000	250.6500	18.6000
315.0000	296.0500	13.7000
275.0000	236.9500	13.4000
315.0000	292.2500	14.6000
290.0000	289.4500	17.2000
30.0000	29.8000	16.9000
285.0000	240.9500	13.6000
125.0000	124.6500	16.1000
170.0000	172.8500	14.5000
140.0000	138.9000	17.5000
265.0000	261.6000	18.5000
120.0000	129.6500	19.3000
35.0000	71.0000	12.3000
135.0000	134.8000	15.0000
180.0000	173.6500	18.1000
345.0000	240.9500	12.6000
355.0000	232.8500	12.8000
35.0000	40.1000	18.8000
230.0000	222.5750	12.9000
55.0000	54.3500	12.9000
350.0000	348.5000	15.7000
90.0000	91.6500	13.3000
175.0000	236.3000	12.5000
115.0000	113.6000	17.4000
305.0000	305.5000	16.0000
295.0000	303.3500	14.5000
350.0000	349.6000	16.0000
165.0000	164.9500	15.5000
170.0000	163.6000	18.5000
240.0000	223.9000	12.9000
335.0000	334.6500	17.0000
325.0000	228.3000	12.9000
360.0000	340.4500	19.4000
345.0000	259.7500	12.1000
25.0000	24.0000	16.4000
315.0000	305.0000	14.1000
75.0000	76.2500	17.1000
210.0000	246.3750	13.1000
115.0000	118.4500	13.4000
295.0000	295.7500	16.0000
240.0000	239.8000	16.8000
80.0000	97.4750	12.8000
45.0000	93.1750	12.3000
300.0000	278.2500	13.8000
145.0000	141.8500	18.7000
65.0000	67.5500	13.4000
40.0000	39.9000	17.2000
230.0000	211.4500	13.2000
130.0000	130.2000	16.7000
140.0000	139.7500	16.2000
90.0000	90.5500	12.7000
360.0000	233.6500	12.6000
215.0000	213.2500	19.0000
22.5000	22.6750	13.8000
45.0000	43.0500	17.0000
245.0000	244.8000	17.9000
320.0000	299.3000	13.8000
45.0000	86.2750	12.4000
360.0000	359.5000	16.8000
310.0000	308.9500	18.5000
130.0000	125.1000	14.2000
205.0000	204.6000	15.6000
110.0000	110.8000	13.7000
105.0000	124.6000	13.0000
85.0000	87.2500	13.9000
260.0000	259.9000	16.5000
145.0000	203.8000	12.7000
135.0000	133.5500	18.4000
150.0000	149.8000	16.4000
230.0000	229.8000	15.5000
235.0000	240.0500	12.8000
330.0000	336.1500	19.2000
150.0000	242.8500	12.3000
80.0000	80.0500	15.3000
310.0000	311.0500	17.8000
65.0000	65.9500	17.6000
345.0000	344.6000	16.2000
105.0000	104.9000	15.1000
70.0000	72.8000	18.7000
30.0000	30.1000	14.3000
50.0000	51.5500	16.5000
295.0000	294.5000	17.8000
280.0000	280.9000	18.1000
190.0000	198.4500	18.9000
180.0000	180.5500	13.5000
260.0000	261.8000	17.8000
60.0000	61.9500	13.9000
65.0000	67.7000	18.5000
50.0000	53.1000	18.0000
195.0000	195.2500	14.3000
165.0000	168.3000	19.2000
100.0000	137.4000	12.9000
35.0000	35.3000	16.0000
290.0000	290.2000	16.6000
195.0000	193.8500	12.9000
145.0000	185.9500	12.9000
85.0000	88.1500	13.1000
215.0000	219.5500	18.2000
245.0000	253.2500	12.0000
95.0000	78.1000	18.9000
120.0000	120.0000	15.3000
35.0000	35.6000	14.5000
110.0000	110.0000	14.9000
165.0000	186.2500	19.4000
320.0000	326.6500	14.7000
205.0000	204.2500	16.3000
200.0000	199.5500	15.2000
45.0000	48.6500	18.7000
275.0000	274.3000	17.9000
135.0000	151.2000	19.4000
250.0000	251.8000	15.1000
295.0000	255.5000	12.3000
250.0000	247.8000	12.2000
65.0000	64.7000	17.9000
145.0000	145.2500	16.9000
295.0000	294.9000	16.6000
160.0000	160.5500	14.6000
340.0000	305.7000	14.0000
150.0000	148.6500	18.1000
295.0000	293.4500	15.2000
350.0000	262.4500	12.0000
60.0000	60.0000	15.3000
50.0000	51.6500	16.6000
265.0000	267.4500	17.5000
205.0000	206.4000	17.5000
200.0000	198.8500	18.4000
70.0000	69.2000	17.3000
305.0000	244.2500	12.7000
25.0000	25.0000	14.3000
295.0000	298.5000	19.0000
330.0000	327.2500	18.6000
185.0000	184.8500	16.7000
245.0000	244.9500	15.3000
130.0000	134.9000	14.1000
185.0000	184.3000	14.0000
280.0000	261.6500	13.3000
315.0000	315.5500	17.7000
22.5000	22.5000	15.0000
130.0000	129.3000	17.5000
270.0000	231.9500	12.5000
65.0000	61.8000	17.2000
295.0000	302.4000	19.3000
80.0000	78.5250	12.9000
285.0000	284.4500	17.9000
330.0000	240.8000	13.3000
350.0000	347.6000	15.6000
305.0000	305.7500	15.5000
70.0000	69.5000	14.1000
115.0000	114.7500	14.9000
215.0000	215.5500	16.0000
155.0000	158.6500	19.1000
255.0000	255.2000	17.5000
360.0000	291.9000	13.8000
70.0000	75.0500	19.4000
185.0000	184.9000	16.4000
345.0000	344.8500	16.1000
225.0000	223.6500	18.9000
315.0000	314.2500	17.2000
165.0000	164.8500	17.9000
290.0000	234.9000	12.0000
345.0000	343.1500	15.7000
335.0000	334.4000	17.1000
110.0000	111.0000	16.9000
135.0000	164.3000	13.3000
145.0000	145.8500	13.6000
55.0000	54.8500	19.3000
245.0000	246.6000	17.6000
235.0000	237.4500	12.7000
350.0000	254.4000	13.4000
360.0000	351.9500	18.8000
200.0000	202.3000	18.9000
145.0000	232.6000	12.2000
265.0000	298.1500	13.6000
175.0000	173.9500	17.0000
60.0000	63.7500	13.1000
205.0000	204.3000	16.2000
190.0000	244.1500	12.3000
240.0000	240.2000	15.3000
170.0000	169.5000	16.6000
135.0000	146.1500	13.9000
22.5000	24.6500	17.1000
180.0000	180.0500	16.4000
270.0000	271.0500	17.9000
245.0000	242.6000	18.9000
360.0000	352.6500	18.7000
210.0000	206.1500	13.9000
275.0000	274.7000	17.1000
115.0000	203.7500	12.4000
80.0000	79.9500	15.9000
360.0000	359.7000	16.1000
55.0000	55.0500	18.1000
305.0000	236.5000	12.5000
245.0000	237.1000	13.9000
55.0000	53.2000	16.9000
55.0000	59.0500	18.7000
315.0000	315.6500	18.4000
135.0000	134.4500	15.6000
305.0000	306.4500	15.3000
115.0000	116.8000	14.3000
280.0000	280.2500	15.4000
345.0000	261.0500	13.5000
340.0000	338.8000	16.5000
230.0000	233.7000	14.5000
295.0000	299.7500	19.1000
30.0000	33.4250	18.7000
200.0000	211.8250	13.4000
235.0000	231.1000	14.0000
20.0000	22.6750	18.8000
315.0000	314.9000	14.9000
70.0000	72.0000	17.9000
255.0000	255.5500	17.1000
210.0000	221.5500	14.0000
20.0000	22.6500	19.3000
240.0000	233.4000	13.0000
180.0000	219.3500	13.0000
35.0000	35.6500	13.1000
350.0000	348.4000	14.9000
175.0000	243.0000	12.3000
205.0000	204.8500	15.4000
350.0000	349.7500	17.0000
170.0000	236.3500	12.6000
105.0000	111.5000	13.3000
250.0000	227.9000	13.0000
290.0000	290.8000	16.2000
340.0000	339.6500	16.8000
95.0000	93.5000	17.5000
265.0000	266.8000	18.9000
295.0000	293.6000	15.6000
130.0000	130.2500	15.5000
30.0000	30.0000	15.1000
155.0000	245.1000	12.5000
225.0000	210.0500	12.8000
105.0000	104.3500	18.9000
340.0000	340.0500	17.4000
120.0000	115.1000	13.5000
75.0000	78.4500	17.8000
290.0000	244.2500	12.6000
280.0000	271.0000	14.6000
290.0000	284.5000	13.6000
210.0000	234.0000	12.4000
75.0000	74.7000	14.5000
35.0000	36.4500	18.4000
345.0000	234.2000	13.0000
195.0000	247.7000	13.2000
130.0000	130.5000	13.5000
190.0000	196.2500	14.1000
205.0000	204.5000	15.1000
280.0000	279.7000	16.3000
265.0000	256.8500	12.1000
345.0000	339.8500	14.4000
200.0000	200.2000	15.8000
250.0000	249.0500	17.2000
175.0000	184.3500	13.9000
175.0000	175.0500	16.3000
270.0000	269.5500	16.6000
260.0000	259.5000	16.2000
45.0000	45.0500	16.0000
335.0000	332.3000	15.1000
55.0000	94.8500	12.4000
105.0000	105.4500	14.5000
290.0000	246.3500	13.3000
240.0000	239.5500	17.5000
160.0000	175.2000	12.8000
25.0000	25.2750	15.8000
145.0000	143.6000	17.8000
30.0000	33.8750	17.2000
205.0000	236.0500	12.6000
160.0000	160.2500	15.2000
25.0000	28.0250	18.4000
20.0000	21.2250	13.6000
130.0000	138.1500	13.8000
75.0000	74.7500	16.6000
270.0000	249.9000	12.2000
335.0000	233.9500	13.1000
105.0000	105.0500	15.4000
140.0000	141.8000	17.4000
225.0000	223.5000	17.6000
180.0000	247.0000	12.0000
355.0000	289.5500	13.7000
40.0000	48.9500	19.2000
205.0000	204.8000	15.7000
320.0000	322.7000	15.3000
245.0000	252.4000	12.6000
55.0000	55.0500	15.9000
130.0000	130.1500	16.1000
50.0000	50.7500	19.1000
210.0000	220.3500	12.3000
185.0000	205.9000	13.7000
300.0000	252.3500	12.0000
250.0000	291.6500	13.9000
125.0000	128.3000	13.8000
290.0000	289.2500	17.3000
295.0000	275.0000	13.5000
245.0000	244.5500	16.3000
145.0000	145.1000	15.6000
295.0000	294.5500	18.4000
190.0000	189.5000	17.6000
285.0000	288.5500	18.2000
215.0000	212.9000	19.4000
235.0000	231.6000	13.0000
245.0000	233.4000	12.7000
170.0000	170.5500	17.3000
295.0000	287.5500	18.7000
170.0000	169.9000	16.0000
315.0000	313.3500	18.9000
295.0000	298.7000	14.8000
115.0000	127.7500	19.2000
165.0000	168.5500	14.6000
270.0000	279.4500	19.3000
190.0000	199.2500	19.1000
75.0000	73.8500	16.4000
130.0000	130.0000	15.6000
120.0000	145.1000	12.9000
115.0000	173.7000	12.6000
270.0000	248.1000	12.7000
40.0000	38.8000	16.5000
280.0000	265.4500	14.1000
25.0000	25.7750	19.3000
200.0000	201.9500	14.6000
280.0000	279.6500	15.2000
265.0000	264.9500	16.2000
145.0000	152.6500	19.1000
175.0000	174.3500	15.3000
310.0000	314.0000	14.3000
70.0000	125.4250	12.4000
305.0000	306.2000	15.6000
330.0000	330.1500	16.5000
65.0000	66.4500	13.9000
345.0000	301.6000	13.8000
230.0000	229.3000	15.3000
290.0000	284.6000	18.6000
125.0000	124.5500	16.3000
35.0000	36.0000	17.8000
145.0000	145.9500	15.0000
280.0000	279.6500	16.9000
205.0000	205.1500	17.1000
180.0000	188.9000	19.2000
240.0000	238.9000	17.2000
270.0000	245.1500	12.0000
125.0000	117.7000	18.4000
280.0000	279.6000	16.4000
245.0000	244.1000	17.5000
160.0000	160.0500	15.1000
340.0000	324.6500	14.2000
270.0000	270.3000	16.2000
135.0000	137.0000	17.2000
215.0000	237.3000	12.9000
315.0000	314.2000	17.4000
335.0000	335.1500	18.2000
125.0000	112.2500	18.3000
190.0000	193.0500	14.4000
315.0000	314.7000	16.3000
325.0000	328.0500	19.1000
360.0000	359.8500	16.5000
105.0000	121.6500	19.4000
125.0000	117.0500	18.2000
100.0000	91.9250	13.2000
105.0000	108.5000	13.8000
50.0000	50.0000	14.5000
210.0000	213.6500	14.7000
250.0000	250.6000	17.4000
135.0000	135.5000	17.9000
210.0000	209.7000	15.5000
95.0000	96.7000	18.3000
165.0000	164.8500	17.4000
215.0000	204.9000	12.8000
345.0000	342.6000	15.6000
155.0000	155.7500	14.3000
260.0000	271.8000	13.8000
345.0000	343.8000	17.5000
335.0000	340.0000	14.7000
350.0000	268.1500	13.5000
290.0000	283.7500	18.7000
125.0000	123.3000	17.4000
180.0000	179.8500	15.5000
85.0000	83.8000	14.0000
260.0000	263.6000	14.9000
20.0000	23.3000	17.0000
22.5000	23.6750	16.4000
45.0000	51.0500	19.3000
230.0000	233.6000	13.8000
215.0000	215.7000	17.8000
340.0000	293.2500	13.7000
220.0000	220.1500	15.6000
60.0000	60.1000	14.5000
90.0000	90.2500	18.1000
75.0000	73.8500	19.4000
75.0000	74.1500	17.4000
305.0000	305.4500	15.4000
115.0000	106.6500	18.2000
70.0000	71.3000	18.0000
250.0000	229.4000	12.3000
165.0000	162.1500	18.6000
75.0000	75.1000	14.4000
350.0000	349.7500	16.2000
335.0000	239.0000	13.0000
140.0000	141.1500	14.4000
40.0000	46.0500	12.7000
345.0000	344.8500	16.7000
320.0000	225.5500	12.8000
260.0000	257.2500	18.7000
240.0000	238.8500	18.7000
210.0000	210.4500	14.1000
60.0000	66.5500	18.6000
215.0000	215.2500	15.3000
220.0000	219.5500	16.7000
230.0000	233.0000	14.4000
310.0000	300.0000	13.8000
25.0000	24.9000	13.4000
220.0000	220.0500	15.7000
70.0000	70.1000	18.1000
350.0000	315.9000	13.9000
330.0000	326.4500	18.8000
80.0000	221.5500	12.0000
290.0000	242.2000	12.3000
360.0000	358.8000	15.5000
90.0000	90.2500	14.5000
150.0000	149.9000	17.0000
325.0000	259.1000	12.0000
35.0000	35.1500	14.1000
125.0000	124.2500	15.9000
290.0000	290.2000	15.5000
240.0000	240.1000	16.1000
165.0000	163.8000	16.5000
70.0000	70.0500	15.1000
220.0000	219.9500	16.2000
280.0000	279.6000	17.3000
115.0000	116.6000	14.7000
325.0000	322.2500	15.7000
120.0000	120.2000	17.0000
255.0000	252.3000	18.5000
340.0000	243.7500	13.3000
130.0000	161.4250	12.8000
360.0000	359.5500	15.8000
45.0000	44.8500	14.0000
105.0000	107.4500	13.5000
165.0000	164.5000	17.7000
305.0000	304.4000	17.4000
100.0000	100.2000	14.6000
260.0000	259.7000	15.5000
110.0000	110.1000	15.1000
180.0000	187.9000	13.2000
250.0000	238.8000	13.8000
35.0000	110.5250	12.0000
170.0000	169.7500	16.5000
305.0000	249.0000	13.2000
180.0000	187.2500	14.0000
275.0000	274.3500	16.9000
65.0000	64.8500	15.8000
270.0000	293.6500	13.7000
50.0000	49.8000	14.7000
265.0000	264.7500	18.2000
75.0000	105.9500	12.6000
65.0000	66.6250	13.1000
320.0000	326.2500	19.2000
235.0000	232.7500	18.4000
270.0000	271.2000	17.4000
100.0000	100.9000	18.9000
190.0000	260.4000	12.0000
75.0000	73.2500	17.5000
90.0000	91.3500	17.8000
155.0000	224.4000	12.9000
25.0000	24.9000	15.4000
110.0000	109.5000	17.3000
35.0000	35.1500	14.7000
345.0000	347.3500	15.1000
210.0000	233.7500	13.6000
125.0000	150.8000	13.2000
140.0000	142.4500	17.3000
210.0000	213.3000	12.8000
170.0000	169.1000	17.1000
22.5000	22.7500	14.2000
95.0000	94.1500	16.8000
245.0000	243.6500	12.1000
325.0000	244.9500	12.8000
160.0000	219.0000	13.1000
110.0000	122.4500	19.1000
150.0000	142.3000	18.2000
150.0000	152.0500	17.3000
150.0000	185.6000	13.5000
340.0000	255.6000	12.7000
95.0000	94.8000	16.2000
195.0000	232.8500	13.0000
40.0000	40.0000	15.5000
255.0000	226.2000	12.0000
65.0000	64.8000	15.7000
110.0000	107.7500	14.7000
35.0000	35.3500	13.9000
235.0000	251.2500	14.6000
150.0000	179.2000	13.3000
150.0000	150.9500	14.6000
22.5000	22.5000	15.2000
220.0000	226.7000	14.1000
155.0000	164.3500	13.3000
235.0000	234.3000	15.0000
275.0000	283.6500	14.3000
285.0000	285.6000	15.1000
145.0000	144.9500	16.3000
40.0000	41.3000	13.4000
265.0000	264.3000	19.4000
215.0000	229.4500	13.5000
175.0000	172.3500	14.4000
30.0000	31.2000	12.6000
210.0000	216.4000	14.2000
250.0000	249.2000	18.5000
165.0000	255.9500	12.2000
55.0000	54.8500	16.1000
35.0000	54.6750	12.4000
50.0000	49.9500	13.7000
70.0000	70.0500	14.4000
240.0000	240.6500	18.9000
65.0000	67.3000	18.7000
350.0000	350.9500	15.0000
240.0000	240.3000	18.3000
110.0000	112.7500	18.9000
265.0000	264.3000	12.2000
160.0000	152.6000	18.4000
135.0000	133.8000	17.7000
95.0000	95.4500	15.3000
300.0000	300.2500	16.6000
100.0000	99.6500	16.3000
110.0000	111.3500	18.0000
90.0000	92.6000	13.5000
120.0000	118.8500	17.4000
345.0000	300.0500	13.9000
260.0000	262.2000	19.4000
215.0000	214.6500	15.7000
200.0000	254.3500	12.3000
120.0000	128.3500	18.7000
150.0000	149.4500	15.7000
350.0000	349.7000	16.7000
60.0000	60.0000	15.7000
105.0000	103.7500	18.0000
200.0000	199.7500	17.3000
100.0000	100.0000	16.7000
90.0000	94.0500	13.6000
150.0000	149.6500	16.8000
235.0000	234.0500	17.2000
255.0000	258.7000	19.4000
140.0000	145.8000	19.0000
285.0000	288.7500	15.0000
85.0000	86.1500	18.6000
160.0000	160.2500	17.2000
100.0000	97.9500	18.1000
155.0000	166.1000	13.7000
45.0000	45.2500	14.3000
105.0000	105.4000	14.0000
240.0000	239.0500	18.8000
130.0000	130.0000	14.8000
255.0000	266.9000	13.9000
280.0000	281.9500	19.4000
195.0000	193.1500	17.2000
200.0000	235.5000	13.3000
200.0000	200.1000	16.5000
220.0000	220.3000	17.6000
185.0000	180.2500	17.9000
155.0000	228.8500	12.7000
290.0000	300.1000	13.7000
85.0000	85.7000	13.8000
120.0000	118.9500	14.2000
95.0000	94.9000	15.7000
65.0000	64.9500	14.8000
70.0000	70.6500	13.7000
145.0000	143.0500	17.9000
50.0000	50.0000	15.3000
210.0000	230.7000	12.5000
215.0000	218.9000	18.7000
185.0000	197.2000	19.0000
70.0000	70.3500	16.7000
185.0000	192.5500	18.9000
145.0000	142.5500	17.6000
250.0000	248.4000	18.4000
115.0000	114.3500	18.6000
30.0000	57.7000	12.3000
215.0000	214.0000	19.1000
325.0000	324.5000	17.5000
135.0000	145.3250	12.9000
310.0000	313.3000	14.0000
235.0000	252.9500	13.2000
210.0000	204.4500	18.4000
295.0000	225.9500	13.0000
180.0000	172.7000	18.3000
220.0000	247.8000	12.7000
140.0000	140.4500	17.7000
270.0000	279.4000	13.9000
215.0000	227.9500	14.0000
325.0000	233.3000	13.0000
45.0000	48.8500	13.0000
345.0000	241.5000	12.2000
125.0000	122.4000	17.3000
65.0000	65.2000	14.3000
175.0000	173.6000	16.8000
25.0000	26.7750	19.1000
235.0000	236.3500	18.1000
60.0000	67.4000	19.0000
70.0000	69.8500	15.6000
40.0000	40.3000	16.0000
285.0000	284.7000	14.4000
150.0000	147.3000	17.7000
155.0000	155.6000	17.6000
90.0000	93.7000	13.7000
310.0000	315.3500	14.2000
70.0000	72.1000	18.2000
355.0000	352.9500	18.2000
30.0000	34.7000	18.3000
90.0000	82.1500	18.5000
60.0000	60.6000	13.8000
70.0000	72.2500	13.1000
65.0000	64.9500	14.9000
90.0000	83.7000	18.7000
20.0000	23.7500	17.2000
295.0000	302.1500	19.2000
35.0000	36.2000	13.4000
210.0000	235.0500	13.5000
280.0000	279.8000	15.8000
150.0000	182.8500	13.4000
315.0000	319.5500	14.7000
180.0000	180.8000	17.3000
25.0000	27.4500	16.9000
335.0000	299.0500	14.0000
65.0000	65.0500	14.2000
180.0000	185.1000	14.1000
315.0000	316.2000	15.3000
105.0000	105.4000	14.7000
185.0000	184.5500	17.5000
45.0000	45.9000	13.3000
245.0000	250.8500	14.8000
250.0000	249.4000	17.0000
20.0000	20.3750	14.2000
245.0000	243.6000	17.3000
100.0000	104.6500	19.0000
40.0000	40.0000	14.9000
315.0000	293.3500	14.5000
240.0000	240.5000	18.6000
255.0000	263.9000	12.3000
315.0000	314.9500	16.7000
335.0000	334.4500	17.4000
90.0000	176.9000	12.2000
285.0000	284.7500	16.9000
325.0000	325.0500	15.1000
180.0000	180.7500	14.3000
295.0000	309.9000	14.2000
360.0000	359.0500	17.7000
20.0000	25.3000	12.9000
285.0000	284.7000	16.8000
340.0000	310.7000	14.6000
45.0000	44.7000	19.1000
180.0000	179.2500	18.0000
355.0000	255.4000	12.2000
350.0000	349.1500	15.9000
280.0000	283.1500	14.9000
170.0000	169.7500	15.4000
295.0000	295.0000	16.8000
330.0000	329.6000	17.1000
85.0000	83.3500	13.5000
165.0000	159.3500	13.9000
95.0000	95.2000	16.7000
230.0000	229.7500	16.7000
25.0000	28.6000	18.0000
225.0000	224.7000	16.1000
125.0000	157.6000	12.7000
75.0000	75.0000	15.5000
255.0000	254.9500	16.4000
360.0000	359.7000	17.2000
55.0000	55.0000	15.2000
225.0000	223.7500	18.6000
355.0000	354.7000	15.8000
95.0000	96.9500	19.2000
360.0000	354.1000	15.0000
340.0000	335.6000	18.8000
195.0000	187.6500	18.2000
115.0000	113.6500	12.9000
145.0000	144.9500	15.7000
175.0000	178.3500	17.6000
65.0000	69.9500	19.0000
20.0000	24.7250	12.8000
140.0000	139.6500	15.3000
220.0000	243.3000	12.3000
125.0000	124.5500	16.0000
205.0000	216.9500	12.4000
360.0000	225.3000	13.3000
165.0000	168.3500	14.1000
185.0000	183.7000	15.0000
175.0000	234.8000	12.4000
150.0000	192.4500	12.8000
25.0000	26.6000	18.9000
95.0000	95.0000	13.4000
100.0000	106.2000	13.7000
190.0000	190.3500	17.5000
80.0000	79.7000	16.3000
80.0000	104.6500	12.6000
60.0000	60.4000	14.4000
135.0000	136.6000	19.1000
275.0000	275.3000	15.8000
245.0000	244.9500	16.6000
20.0000	68.5250	12.1000
22.5000	22.5750	13.5000
25.0000	25.0250	14.5000
355.0000	295.0000	13.8000
120.0000	127.0500	19.1000
70.0000	70.1000	13.6000
255.0000	255.1000	14.6000
140.0000	142.1500	17.2000
135.0000	141.4000	19.3000
145.0000	218.4250	12.3000
115.0000	102.4500	13.3000
330.0000	236.3500	12.5000
65.0000	83.2250	12.5000
55.0000	55.6000	13.3000
55.0000	53.9500	12.6000
190.0000	189.3500	14.9000
185.0000	235.6000	12.7000
105.0000	202.3500	12.1000
340.0000	339.3500	15.3000
270.0000	269.0000	14.6000
330.0000	336.6000	19.3000
30.0000	25.4750	16.8000
285.0000	286.6500	14.8000
80.0000	80.3500	14.5000
185.0000	176.8500	18.3000
75.0000	74.5500	15.9000
235.0000	237.5000	18.3000
285.0000	285.1000	17.8000
45.0000	45.7000	16.3000
255.0000	256.5500	18.0000
155.0000	226.1500	12.4000
40.0000	38.0500	16.2000
360.0000	351.5500	14.9000
105.0000	104.1500	14.1000
190.0000	189.5500	16.7000
350.0000	237.8000	12.5000
260.0000	257.5500	15.2000
190.0000	189.1500	16.1000
260.0000	261.0000	14.7000
140.0000	138.3500	14.1000
255.0000	256.6500	17.7000
80.0000	82.0000	18.5000
285.0000	267.6500	12.5000
135.0000	135.1000	16.1000
20.0000	21.8000	19.0000
35.0000	35.2000	15.8000
325.0000	326.4000	14.3000
145.0000	152.2500	19.3000
22.5000	29.9250	12.5000
230.0000	230.0000	17.8000
100.0000	100.4500	17.1000
155.0000	145.3000	18.4000
85.0000	84.7000	16.9000
260.0000	259.8000	17.1000
80.0000	77.2500	18.1000
200.0000	199.2500	15.4000
135.0000	178.5000	13.0000
145.0000	150.7000	19.0000
310.0000	310.0000	18.1000
255.0000	252.4500	14.5000
125.0000	130.3000	18.8000
275.0000	294.7500	13.5000
110.0000	110.2500	16.5000
160.0000	159.9500	16.4000
20.0000	23.3750	18.7000
150.0000	149.7500	17.2000
55.0000	55.1000	14.6000
210.0000	210.2000	16.0000
305.0000	229.0000	13.0000
275.0000	269.2000	14.2000
70.0000	70.0000	15.5000
270.0000	269.9000	16.4000
95.0000	94.7000	15.8000
165.0000	163.9500	18.9000
170.0000	164.3000	18.7000
140.0000	139.2500	16.4000
300.0000	248.5000	12.2000
220.0000	221.0000	14.6000
335.0000	335.9500	17.7000
300.0000	299.9000	16.9000
55.0000	54.5000	17.4000
105.0000	104.8000	16.5000
85.0000	87.1000	17.0000
265.0000	269.5000	13.3000
195.0000	194.8000	16.2000
35.0000	35.0500	14.9000
340.0000	339.6500	18.5000
90.0000	90.0000	15.4000
185.0000	191.7000	13.8000
70.0000	70.1000	14.7000
65.0000	61.3750	12.9000
320.0000	292.7000	13.7000
250.0000	249.1500	19.1000
105.0000	105.4500	17.9000
265.0000	240.3500	13.2000
360.0000	292.2000	13.7000
305.0000	257.3000	12.6000
255.0000	255.0000	16.2000
110.0000	109.9500	15.4000
75.0000	79.5000	17.9000
240.0000	240.0000	18.2000
130.0000	119.9500	18.1000
170.0000	171.8500	14.4000
100.0000	100.8000	18.2000
220.0000	203.3500	13.0000
310.0000	230.2500	13.1000
280.0000	269.8000	13.4000
350.0000	349.4500	16.4000
255.0000	257.4000	17.8000
175.0000	173.5500	16.9000
115.0000	114.5500	14.6000
140.0000	138.0000	14.5000
205.0000	204.1000	16.0000
95.0000	94.8000	16.0000
275.0000	306.8500	13.9000
215.0000	216.5000	18.4000
105.0000	106.2500	16.7000
355.0000	354.8000	17.2000
340.0000	253.1500	12.8000
350.0000	349.8500	16.8000
265.0000	218.0500	12.7000
250.0000	249.3000	18.1000
195.0000	195.1000	16.6000
135.0000	134.8500	16.2000
20.0000	20.4250	16.1000
45.0000	45.1500	15.7000
310.0000	308.7500	18.3000
145.0000	137.1000	13.8000
155.0000	154.7000	15.9000
335.0000	334.2000	16.6000
285.0000	297.8500	19.2000
165.0000	157.6000	18.3000
285.0000	285.0000	16.0000
155.0000	154.6500	15.1000
225.0000	222.5500	14.0000
250.0000	250.0000	15.4000
330.0000	254.8500	12.3000
20.0000	23.5250	19.1000
145.0000	144.8500	16.5000
280.0000	281.2500	17.9000
235.0000	231.5500	18.6000
20.0000	65.0250	12.2000
250.0000	251.9000	15.0000
90.0000	89.2500	16.2000
140.0000	238.5000	12.2000
255.0000	253.5000	15.4000
55.0000	58.3000	13.4000
50.0000	50.0000	15.7000
160.0000	162.2500	18.9000
195.0000	194.8000	15.1000
225.0000	226.1000	14.3000
60.0000	60.0000	15.5000
355.0000	353.3500	18.3000
120.0000	121.0500	13.8000
235.0000	234.9000	16.0000
290.0000	239.0000	13.0000
115.0000	114.9500	16.9000
90.0000	89.0000	17.7000
135.0000	136.7000	14.4000
22.5000	25.6000	13.1000
90.0000	89.6500	17.3000
90.0000	89.6500	15.8000
300.0000	254.7500	12.5000
140.0000	222.6000	12.6000
285.0000	251.1500	12.7000
135.0000	230.8000	12.2000
270.0000	269.6500	18.1000
65.0000	68.1500	13.0000
225.0000	224.5500	16.2000
355.0000	281.8000	13.6000
85.0000	84.9500	16.4000
115.0000	126.4000	19.0000
320.0000	319.7500	15.5000
265.0000	245.9500	12.9000
115.0000	125.4500	19.3000
100.0000	97.3000	18.8000
305.0000	303.8500	18.3000
350.0000	289.4500	13.7000
110.0000	213.0000	12.1000
150.0000	205.5000	12.7000
315.0000	316.7000	15.4000
270.0000	258.1000	14.3000
35.0000	35.0000	13.8000
215.0000	213.0500	15.5000
125.0000	219.1500	12.3000
295.0000	242.0500	12.7000
155.0000	155.2000	15.4000
290.0000	290.8000	17.5000
235.0000	232.7500	19.0000
125.0000	197.5000	12.4000
30.0000	31.5250	17.3000
22.5000	22.5250	15.7000
75.0000	76.0500	14.0000
300.0000	302.8000	14.4000
70.0000	71.6500	17.2000
155.0000	166.3000	13.6000
22.5000	24.7500	16.9000
110.0000	110.4500	14.5000
180.0000	250.0500	12.1000
160.0000	157.4000	14.7000
255.0000	255.6000	17.4000
100.0000	100.2500	16.5000
210.0000	209.9000	16.4000
345.0000	344.6000	14.7000
325.0000	331.0500	19.2000
30.0000	28.4000	16.3000
85.0000	91.1500	18.4000
115.0000	116.3000	17.8000
315.0000	225.1000	12.9000
210.0000	210.0500	17.5000
200.0000	235.1500	12.5000
275.0000	308.7000	14.0000
345.0000	321.5000	14.5000
180.0000	184.0000	14.4000
325.0000	264.9000	13.7000
185.0000	185.0000	16.6000
240.0000	239.1500	14.8000
255.0000	254.9500	16.8000
280.0000	280.1000	16.0000
245.0000	245.7500	17.8000
65.0000	66.3000	18.3000
115.0000	114.9500	15.2000
95.0000	95.7000	13.6000
105.0000	105.3500	14.4000
200.0000	200.1500	15.9000
190.0000	197.9000	19.0000
310.0000	311.1500	15.1000
280.0000	276.8000	19.0000
315.0000	313.4500	18.3000
22.5000	25.7500	17.9000
120.0000	120.3000	18.6000
65.0000	63.7500	16.8000
205.0000	206.0500	17.7000
65.0000	64.8500	15.1000
160.0000	160.0500	16.9000
245.0000	244.7500	15.5000
100.0000	101.0000	13.9000
360.0000	252.1500	12.0000
140.0000	137.9000	18.8000
110.0000	107.4500	18.8000
265.0000	264.9500	16.6000
255.0000	255.2000	15.8000
320.0000	320.0000	14.5000
330.0000	330.4500	15.7000
350.0000	251.5000	12.1000
360.0000	356.2000	18.4000
350.0000	348.5500	17.5000
350.0000	350.5500	17.8000
165.0000	164.5000	16.3000
290.0000	290.1500	16.1000
185.0000	173.9000	18.5000
200.0000	200.9500	17.7000
130.0000	129.1500	18.7000
190.0000	192.7000	14.0000
210.0000	210.8500	18.1000
35.0000	39.1500	12.7000
230.0000	229.9500	16.5000
35.0000	36.1000	17.9000
225.0000	250.4500	13.1000
195.0000	217.1500	13.3000
310.0000	308.6000	15.5000
355.0000	354.2500	16.3000
170.0000	224.4500	12.2000
225.0000	224.8500	16.6000
150.0000	150.4250	13.0000
325.0000	321.6500	18.7000
195.0000	193.8000	17.8000
110.0000	106.3500	18.4000
315.0000	250.7000	12.2000
250.0000	253.7000	14.7000
245.0000	221.0000	12.8000
200.0000	199.8000	15.6000
260.0000	248.8500	12.7000
110.0000	110.4500	16.6000
345.0000	344.0500	17.4000
75.0000	83.0500	18.4000
195.0000	244.0500	12.1000
170.0000	178.1000	12.7000
50.0000	50.2500	13.6000
155.0000	148.8500	18.2000
275.0000	276.9000	15.2000
310.0000	309.6000	17.2000
265.0000	265.2000	15.5000
135.0000	134.8500	16.3000
30.0000	34.9250	12.5000
35.0000	33.5500	16.2000
175.0000	173.6500	17.1000
105.0000	96.4000	18.4000
195.0000	257.2500	12.2000
20.0000	20.4250	16.4000
35.0000	34.9500	15.5000
195.0000	194.8500	19.4000
130.0000	157.0000	13.3000
25.0000	25.0250	13.6000
135.0000	135.7500	18.9000
245.0000	242.2500	18.8000
130.0000	225.2500	12.1000
360.0000	234.8000	13.2000
240.0000	248.9000	13.8000
255.0000	253.0500	18.2000
22.5000	22.5500	14.7000
260.0000	249.3500	13.9000
195.0000	255.1000	13.1000
90.0000	80.7000	13.1000
130.0000	200.9500	12.3000
45.0000	119.4250	12.1000
85.0000	85.4000	15.2000
65.0000	66.1500	13.5000
70.0000	69.3000	14.2000
285.0000	251.0000	12.3000
75.0000	74.1000	16.3000
165.0000	166.0500	14.4000
95.0000	95.6000	18.8000
340.0000	342.9500	19.1000
110.0000	109.9000	16.2000
360.0000	340.1000	19.3000
40.0000	38.6000	16.3000
305.0000	311.1500	14.7000
45.0000	45.0500	13.9000
60.0000	175.3000	12.2000
70.0000	77.9500	12.8000
270.0000	270.8000	16.0000
305.0000	302.1000	18.6000
310.0000	309.9500	16.4000
335.0000	270.8000	12.2000
40.0000	42.1500	17.6000
235.0000	230.7000	18.5000
280.0000	263.1000	12.6000
300.0000	300.6000	16.5000
220.0000	222.1000	17.9000
225.0000	252.5000	13.4000
22.5000	22.5250	13.3000
215.0000	215.1000	16.9000
265.0000	259.4000	18.7000
90.0000	93.1500	18.3000
110.0000	109.9000	16.1000
90.0000	91.1000	14.3000
305.0000	253.6000	12.2000
315.0000	314.9000	15.9000
25.0000	24.5750	17.8000
280.0000	278.3000	17.7000
350.0000	354.7500	15.3000
225.0000	221.8000	12.5000
345.0000	344.8500	14.8000
190.0000	189.5500	16.2000
285.0000	284.9500	15.7000
345.0000	343.9000	16.5000
195.0000	194.1500	17.1000
335.0000	243.5000	12.9000
120.0000	135.2000	13.2000
220.0000	213.4000	12.6000
110.0000	103.9500	13.6000
22.5000	42.4750	12.4000
255.0000	254.5000	15.6000
165.0000	164.3500	16.9000
45.0000	45.5500	13.4000
200.0000	199.8000	16.3000
20.0000	20.0000	14.5000
255.0000	267.9500	12.2000
355.0000	355.5000	15.6000
230.0000	221.3500	12.6000
230.0000	261.2500	13.3000
60.0000	60.8500	16.4000
180.0000	180.0000	16.2000
225.0000	225.2000	15.1000
210.0000	232.6000	13.3000
300.0000	300.2500	15.3000
110.0000	212.0500	12.2000
220.0000	261.7500	12.0000
270.0000	288.1000	13.5000
80.0000	79.8000	16.1000
80.0000	78.8000	17.4000
280.0000	277.5000	18.9000
190.0000	175.9000	13.1000
275.0000	270.4500	12.1000
300.0000	300.2500	15.7000
310.0000	313.5000	14.8000
95.0000	92.7500	17.9000
205.0000	226.6000	14.0000
235.0000	234.9500	15.6000
100.0000	99.6000	15.1000
180.0000	180.2000	14.5000
160.0000	160.1000	15.7000
300.0000	305.1500	14.0000
150.0000	247.1500	12.2000
335.0000	334.7500	15.8000
120.0000	148.3000	13.0000
90.0000	89.7000	16.1000
20.0000	25.4500	17.3000
30.0000	34.0500	18.1000
275.0000	274.6000	17.4000
130.0000	129.8500	16.5000
305.0000	304.8000	16.7000
110.0000	108.2500	17.5000
175.0000	251.3000	12.0000
280.0000	304.8500	13.8000
325.0000	326.9000	14.8000
145.0000	145.5000	14.6000
120.0000	189.0000	12.6000
175.0000	168.3500	18.7000
80.0000	77.8500	13.6000
230.0000	229.4500	15.1000
170.0000	170.6750	13.1000
155.0000	152.3500	13.8000
345.0000	344.7000	15.4000
260.0000	257.8500	18.9000
110.0000	107.4000	18.1000
170.0000	167.0500	17.8000
350.0000	349.7500	16.6000
145.0000	201.5500	12.5000
135.0000	134.7000	16.0000
305.0000	312.3500	19.2000
340.0000	339.1500	16.7000
145.0000	232.1500	12.6000
110.0000	109.8000	15.0000
280.0000	257.0000	12.5000
190.0000	195.0500	19.4000
85.0000	84.7500	16.2000
45.0000	45.9500	18.5000
115.0000	111.8000	17.3000
185.0000	186.4000	14.7000
285.0000	287.4000	14.5000
180.0000	232.9500	12.5000
195.0000	198.9000	19.3000
125.0000	125.0500	17.7000
115.0000	112.0000	18.4000
165.0000	164.0000	17.2000
135.0000	260.3000	12.0000
330.0000	328.6000	15.4000
175.0000	172.0500	18.2000
110.0000	109.9500	15.8000
305.0000	299.2500	19.4000
145.0000	145.3000	15.1000
40.0000	44.4000	19.4000
115.0000	114.9500	16.5000
220.0000	226.7000	13.8000
360.0000	308.5000	13.9000
45.0000	45.7000	18.6000
350.0000	336.0000	14.4000
105.0000	104.9000	15.6000
175.0000	174.4500	16.5000
230.0000	232.0000	17.9000
110.0000	121.7000	19.0000
280.0000	279.8500	15.1000
140.0000	139.0000	14.7000
275.0000	274.6000	16.5000
325.0000	322.5000	14.7000
260.0000	259.9000	16.4000
150.0000	149.3000	16.0000
55.0000	56.7000	19.4000
130.0000	141.2000	13.1000
55.0000	53.0000	17.3000
135.0000	134.7000	14.6000
185.0000	184.8000	18.0000
40.0000	40.9000	13.5000
110.0000	111.1500	16.8000
275.0000	242.9000	12.3000
220.0000	220.3000	15.0000
125.0000	125.1000	14.7000
305.0000	305.9000	18.9000
315.0000	316.9500	18.2000
80.0000	79.1500	17.5000
235.0000	236.7000	18.2000
220.0000	220.2500	15.5000
60.0000	60.7500	16.1000
140.0000	139.5000	17.0000
35.0000	36.3500	13.2000
145.0000	145.0000	15.3000
210.0000	239.9750	13.4000
55.0000	58.1500	18.6000
330.0000	329.2500	17.4000
55.0000	54.9500	14.7000
180.0000	189.4000	13.6000
230.0000	241.9500	14.1000
255.0000	292.0500	13.5000
120.0000	111.0500	13.4000
285.0000	284.7000	15.8000
210.0000	210.2500	17.7000
60.0000	58.3000	17.3000
105.0000	104.9000	15.8000
160.0000	159.2500	18.0000
295.0000	294.3500	17.3000
325.0000	240.0500	13.3000
22.5000	20.9500	16.3000
320.0000	322.5500	18.2000
95.0000	102.0000	19.4000
355.0000	355.6000	17.8000
330.0000	327.1500	18.9000
190.0000	186.2500	18.2000
330.0000	298.1000	13.8000
65.0000	64.9500	15.2000
235.0000	257.9000	12.4000
50.0000	83.3000	12.3000
195.0000	194.9500	18.6000
120.0000	120.5500	14.6000
140.0000	202.1500	12.5000
85.0000	85.0500	15.9000
305.0000	308.4500	14.6000
270.0000	265.7500	18.6000
50.0000	48.9000	17.3000
355.0000	354.4000	16.6000
280.0000	237.9500	12.7000
335.0000	336.6500	15.3000
290.0000	300.3000	19.3000
210.0000	209.8000	16.5000
320.0000	320.6500	18.5000
20.0000	20.0750	14.0000
260.0000	238.7000	13.0000
260.0000	259.6000	16.8000
150.0000	149.2500	15.9000
255.0000	255.3500	14.3000
30.0000	26.1250	16.6000
210.0000	209.8000	15.1000
155.0000	154.7000	16.6000
220.0000	222.1500	18.8000
200.0000	201.5000	17.4000
235.0000	232.9500	19.2000
290.0000	290.2000	15.9000
100.0000	106.1000	19.3000
125.0000	124.8000	16.5000
70.0000	68.4500	19.0000
310.0000	310.1000	16.2000
305.0000	286.3500	13.9000
105.0000	104.5000	13.7000
70.0000	105.3500	12.5000
75.0000	78.3000	13.2000
250.0000	254.1000	19.3000
295.0000	299.9500	14.6000
45.0000	45.7000	13.8000
130.0000	129.9000	16.4000
190.0000	192.4000	14.5000
60.0000	59.5000	16.2000
75.0000	73.8500	18.1000
205.0000	205.6500	14.5000
175.0000	174.9500	15.9000
195.0000	229.3000	12.8000
180.0000	189.7500	19.0000
225.0000	225.9500	15.4000
210.0000	212.9500	15.0000
65.0000	116.6500	12.4000
50.0000	50.0000	15.2000
140.0000	142.7500	13.8000
350.0000	329.6500	14.3000
230.0000	228.5000	18.7000
85.0000	184.7000	12.2000
315.0000	314.6500	16.8000
45.0000	46.4500	13.2000
235.0000	234.9500	15.3000
40.0000	47.9000	19.0000
260.0000	259.0500	15.3000
330.0000	244.1000	13.4000
155.0000	154.7500	16.4000
280.0000	277.3000	18.7000
165.0000	160.8500	18.7000
205.0000	211.8000	13.7000
120.0000	117.8500	17.6000
175.0000	175.0000	15.7000
310.0000	309.7500	16.8000
50.0000	54.5500	19.2000
255.0000	220.5000	13.0000
90.0000	90.0500	15.3000
215.0000	236.6000	14.2000
70.0000	76.8500	18.5000
80.0000	79.8000	15.6000
340.0000	247.8500	12.0000
345.0000	344.4500	16.0000
195.0000	194.9000	16.3000
290.0000	290.3000	18.0000
120.0000	119.8000	15.2000
305.0000	290.7000	14.0000
285.0000	293.2000	13.5000
22.5000	22.5250	13.6000
180.0000	179.5000	17.8000
345.0000	343.4000	18.9000
265.0000	257.2500	14.0000
170.0000	163.9000	18.6000
230.0000	229.5500	15.2000
340.0000	315.8500	13.9000
265.0000	267.1500	19.2000
265.0000	259.4000	13.9000
320.0000	262.5500	12.1000
22.5000	27.2500	12.7000
125.0000	132.1000	19.0000
35.0000	35.6000	14.4000
250.0000	249.2000	17.1000
190.0000	183.9500	18.3000
130.0000	211.8500	12.2000
260.0000	248.0500	13.2000
60.0000	61.6250	13.2000
300.0000	305.6000	14.7000
100.0000	101.2000	13.4000
70.0000	70.6000	16.6000
160.0000	159.9000	16.5000
115.0000	120.0000	14.2000
315.0000	320.3000	14.4000
120.0000	120.2500	18.0000
75.0000	76.9000	13.6000
215.0000	260.2500	13.3000
330.0000	327.4500	14.2000
80.0000	84.6000	13.1000
260.0000	259.5000	16.7000
310.0000	309.9000	16.5000
275.0000	277.6500	19.1000
205.0000	228.3500	12.9000
335.0000	342.3000	14.6000
200.0000	200.5000	18.6000
90.0000	90.1000	15.0000
290.0000	284.6500	18.4000
130.0000	130.0000	16.0000
75.0000	74.7500	14.7000
155.0000	154.8000	15.7000
165.0000	164.2000	15.1000
290.0000	300.6500	19.1000
190.0000	189.9000	15.3000
300.0000	264.3750	13.5000
340.0000	262.4000	12.2000
245.0000	247.4000	18.6000
190.0000	198.9000	13.2000
45.0000	45.8500	18.8000
130.0000	128.1500	17.6000
190.0000	187.8500	18.7000
30.0000	30.1000	14.1000
100.0000	99.5000	14.5000
22.5000	24.6000	16.6000
270.0000	268.6500	19.2000
180.0000	184.3000	14.2000
170.0000	163.5500	18.3000
50.0000	65.6500	12.5000
85.0000	75.7000	18.5000
220.0000	218.8000	14.9000
75.0000	75.3000	15.3000
300.0000	300.4500	16.3000
125.0000	125.5000	17.8000
240.0000	246.7500	14.3000
310.0000	312.2000	15.0000
290.0000	289.9000	16.5000
240.0000	239.5000	17.1000
290.0000	262.4000	12.4000
310.0000	310.7500	15.9000
245.0000	254.3000	14.2000
280.0000	278.3500	14.8000
335.0000	335.1000	17.9000
170.0000	168.9000	17.2000
275.0000	274.8000	16.7000
210.0000	209.7000	16.8000
245.0000	247.6500	15.0000
355.0000	354.9000	17.0000
110.0000	167.8000	12.7000
50.0000	50.3500	17.4000
110.0000	110.0000	16.4000
140.0000	152.4000	13.5000
140.0000	139.3500	16.3000
245.0000	233.2000	13.8000
230.0000	212.4000	12.7000
170.0000	201.6000	13.8000
245.0000	268.2000	13.7000
320.0000	319.3000	14.1000
40.0000	40.3000	17.7000
45.0000	45.0500	14.9000
90.0000	92.6500	12.9000
120.0000	119.7500	15.0000
235.0000	235.1000	17.7000
275.0000	274.9000	18.3000
355.0000	260.5500	12.6000
140.0000	142.3500	14.2000
315.0000	317.3500	15.2000
315.0000	315.1500	16.1000
330.0000	328.5500	14.3000
295.0000	295.2000	16.3000
260.0000	259.7500	15.7000
215.0000	215.1000	15.9000
50.0000	47.5500	16.9000
150.0000	230.8500	12.6000
130.0000	133.9000	18.8000
35.0000	29.7000	16.7000
100.0000	100.0000	15.2000
300.0000	297.0000	19.4000
75.0000	74.2500	16.1000
315.0000	315.0000	15.6000
175.0000	175.0500	15.2000
85.0000	84.9000	15.4000
145.0000	141.4000	18.9000
205.0000	200.6000	18.8000
45.0000	42.6500	17.1000
300.0000	299.6500	17.8000
220.0000	218.9000	17.2000
70.0000	70.0500	14.6000
150.0000	150.2000	15.3000
250.0000	249.6500	17.9000
265.0000	264.4500	18.0000
115.0000	185.6000	12.5000
155.0000	154.9000	15.2000
275.0000	275.3000	18.9000
190.0000	189.2500	17.1000
25.0000	28.9000	17.0000
125.0000	124.6500	15.3000
110.0000	111.5000	14.0000
135.0000	121.7500	13.5000
250.0000	249.8000	15.7000
255.0000	252.3000	18.4000
270.0000	269.9000	17.1000
140.0000	158.4000	13.3000
210.0000	209.8500	14.6000
230.0000	228.7000	12.8000
330.0000	329.7000	16.3000
175.0000	174.8500	15.6000
240.0000	268.7500	13.6000
25.0000	27.7000	17.3000
305.0000	304.3000	17.3000
205.0000	204.4500	16.5000
320.0000	319.6500	18.8000
335.0000	334.8500	16.9000
250.0000	257.2500	14.3000
135.0000	134.5500	15.9000
80.0000	81.5000	17.9000
45.0000	45.1500	15.8000
330.0000	331.3000	14.9000
275.0000	276.4500	15.1000
330.0000	331.4000	17.6000
205.0000	203.8500	16.1000
65.0000	65.9500	17.7000
95.0000	221.0500	12.1000
210.0000	230.4000	12.6000
335.0000	286.1500	12.0000
290.0000	285.4500	19.4000
225.0000	226.2000	18.7000
40.0000	41.9000	17.5000
265.0000	265.8000	15.7000
310.0000	261.7500	12.4000
175.0000	173.7000	16.7000
300.0000	299.5500	17.2000
120.0000	118.0000	14.5000
170.0000	235.9000	12.3000
300.0000	265.0000	13.6000
320.0000	320.5500	15.2000
295.0000	288.3500	14.7000
80.0000	78.1500	18.6000
45.0000	47.4500	18.9000
175.0000	187.7000	19.1000
140.0000	141.1000	14.0000
340.0000	340.4000	14.9000
55.0000	54.9500	15.6000
195.0000	196.0500	17.7000
175.0000	168.3000	18.4000
120.0000	120.3500	14.8000
140.0000	139.1000	16.8000
320.0000	319.8000	16.4000
155.0000	157.7000	19.2000
225.0000	244.8000	12.6000
170.0000	182.6500	19.3000
260.0000	259.3000	17.3000
75.0000	156.5500	12.3000
230.0000	287.5000	13.4000
265.0000	264.0000	18.4000
265.0000	292.1500	14.1000
230.0000	231.4500	19.1000
55.0000	55.4000	18.5000
55.0000	55.5500	16.6000
245.0000	244.7500	16.0000
200.0000	200.8500	13.9000
215.0000	239.3000	13.8000
215.0000	212.3500	19.2000
325.0000	303.2500	13.8000
165.0000	163.9000	16.8000
60.0000	59.5750	12.9000
260.0000	218.2500	12.9000
220.0000	219.7000	18.6000
310.0000	317.3500	19.3000
355.0000	244.7500	13.4000
315.0000	314.7500	16.0000
150.0000	149.7000	17.9000
290.0000	292.5000	18.2000
165.0000	243.1500	12.4000
95.0000	94.0500	17.4000
205.0000	206.5000	17.4000
280.0000	280.1000	15.7000
330.0000	329.6000	19.0000
225.0000	254.6500	13.3000
360.0000	359.2500	17.6000
320.0000	319.9000	18.1000
205.0000	202.9000	19.2000
260.0000	263.5000	14.2000
295.0000	290.1000	18.8000
40.0000	40.0500	14.0000
260.0000	254.4500	18.2000
110.0000	109.8000	14.4000
215.0000	217.4500	15.1000
40.0000	40.0500	13.9000
210.0000	221.4500	13.8000
60.0000	59.5500	16.0000
110.0000	105.4000	18.7000
60.0000	62.3000	14.0000
350.0000	349.3500	17.2000
195.0000	204.0500	13.9000
145.0000	155.3000	13.5000
225.0000	225.3000	16.8000
275.0000	275.2500	19.2000
25.0000	24.9750	15.3000
360.0000	356.7500	18.1000
170.0000	172.5500	17.6000
240.0000	259.4500	12.1000
150.0000	149.4000	18.8000
265.0000	266.4500	17.7000
140.0000	175.2000	13.1000
350.0000	346.6000	18.7000
315.0000	314.2500	17.1000
350.0000	348.7000	16.1000
270.0000	273.5000	15.1000
135.0000	135.6000	17.1000
325.0000	236.1500	12.7000
60.0000	60.0000	13.4000
175.0000	174.2000	17.5000
155.0000	140.7000	18.3000
310.0000	270.5500	12.3000
95.0000	94.2500	16.9000
360.0000	347.3500	19.1000
150.0000	146.6500	18.7000
320.0000	267.7000	13.3000
230.0000	229.9500	15.8000
110.0000	112.7000	17.8000
115.0000	118.1500	18.8000
170.0000	167.8000	18.9000
250.0000	249.7000	16.0000
245.0000	249.6500	15.1000
180.0000	172.5000	18.4000
165.0000	197.9500	13.5000
285.0000	284.8500	16.1000
205.0000	204.4000	15.9000
335.0000	335.2000	18.4000
40.0000	43.4000	18.0000
295.0000	292.4000	15.1000
20.0000	20.5250	13.2000
120.0000	117.1000	17.3000
340.0000	333.2000	14.3000
40.0000	80.3500	12.1000
20.0000	28.7250	12.5000
325.0000	324.6500	17.0000
195.0000	185.5500	18.4000
340.0000	339.4000	16.4000
285.0000	284.3500	17.3000
65.0000	67.0000	18.1000
180.0000	180.4000	14.8000
115.0000	114.9500	15.4000
210.0000	206.3000	18.3000
80.0000	90.1250	13.2000
80.0000	79.9500	14.9000
45.0000	45.0500	15.4000
345.0000	258.5500	13.4000
100.0000	102.4000	17.2000
250.0000	257.0500	14.1000
125.0000	124.7500	15.6000
255.0000	249.0500	19.0000
85.0000	85.1000	14.9000
355.0000	352.9500	18.5000
90.0000	89.7000	16.7000
270.0000	267.5500	18.5000
215.0000	214.9500	15.2000
195.0000	195.8000	17.4000
200.0000	243.0000	12.8000
165.0000	160.4000	17.8000
170.0000	169.5000	16.7000
195.0000	194.9500	16.4000
135.0000	136.0500	13.8000
165.0000	165.7000	19.1000
230.0000	229.7500	17.6000
305.0000	305.5000	15.7000
100.0000	100.0500	15.0000
145.0000	144.9500	17.0000
290.0000	239.0000	13.5000
240.0000	240.8500	17.6000
90.0000	94.5500	19.1000
195.0000	257.0000	12.3000
240.0000	243.4000	19.3000
60.0000	59.6500	17.8000
125.0000	116.7000	18.1000
30.0000	29.9500	16.2000
355.0000	351.2000	15.0000
160.0000	157.5500	13.2000
45.0000	173.6250	12.0000
205.0000	263.4000	13.3000
40.0000	40.0000	14.6000
65.0000	64.0500	13.6000
90.0000	148.4000	12.5000
320.0000	314.4500	19.1000
205.0000	209.9500	13.5000
285.0000	244.7500	13.2000
215.0000	220.7500	18.9000
180.0000	179.5500	15.8000
160.0000	224.6500	12.4000
70.0000	70.1500	15.7000
310.0000	290.4500	13.9000
90.0000	89.7000	16.0000
130.0000	129.2000	17.7000
315.0000	312.1500	14.8000
110.0000	110.0000	15.3000
215.0000	214.9000	16.4000
195.0000	196.1000	19.2000
125.0000	131.2500	19.4000
120.0000	127.1500	14.1000
180.0000	173.3750	13.1000
210.0000	210.3500	17.4000
300.0000	299.3500	17.4000
225.0000	224.5500	17.2000
335.0000	249.7500	13.4000
250.0000	244.0500	19.0000
325.0000	261.9500	12.1000
230.0000	229.3000	14.8000
250.0000	257.7500	13.3000
200.0000	199.7000	17.1000
60.0000	62.3000	13.6000
175.0000	181.0500	14.1000
35.0000	50.8500	19.1000
45.0000	45.1000	15.6000
100.0000	99.9000	16.4000
185.0000	184.8000	15.8000
340.0000	339.9500	15.0000
70.0000	70.1500	15.8000
230.0000	241.5000	13.5000
325.0000	242.1000	12.5000
190.0000	191.6000	14.8000
245.0000	265.0500	13.2000
90.0000	89.0500	17.6000
125.0000	124.4500	15.8000
95.0000	95.2000	15.1000
190.0000	190.9000	17.7000
275.0000	255.7500	13.1000
150.0000	149.4000	17.1000
185.0000	216.9500	13.3000
200.0000	199.8500	17.8000
250.0000	244.8500	12.4000
300.0000	236.7500	13.0000
50.0000	50.0000	15.4000
275.0000	233.0000	13.0000
20.0000	21.4000	16.9000
115.0000	115.0000	15.1000
225.0000	227.9000	19.2000
230.0000	225.2500	13.7000
175.0000	175.1000	14.6000
255.0000	256.4500	18.1000
140.0000	139.4500	16.7000
210.0000	209.9500	16.2000
295.0000	294.7500	17.1000
215.0000	264.3500	12.4000
360.0000	358.9000	16.3000
230.0000	229.6000	16.9000
220.0000	223.3000	18.9000
100.0000	101.3000	14.4000
185.0000	184.7500	16.0000
170.0000	170.0000	15.8000
40.0000	40.4500	16.1000
60.0000	61.2500	14.1000
250.0000	250.1000	16.6000
190.0000	269.6500	12.1000
45.0000	46.2000	19.0000
105.0000	105.0000	15.7000
310.0000	239.1500	12.8000
115.0000	114.8500	15.8000
190.0000	189.6500	16.3000
330.0000	329.9000	16.9000
175.0000	171.6500	18.1000
25.0000	25.2000	15.9000
70.0000	70.1500	15.9000
100.0000	99.9000	17.6000
185.0000	185.6000	15.4000
145.0000	149.4500	14.0000
40.0000	40.7000	18.6000
340.0000	248.0500	13.0000
90.0000	89.6500	16.8000
245.0000	264.5500	12.3000
295.0000	294.3000	15.0000
115.0000	113.3000	17.1000
355.0000	348.4000	18.8000
120.0000	119.1500	13.9000
50.0000	51.3000	13.5000
205.0000	222.7500	13.4000
145.0000	215.7500	12.8000
250.0000	251.1500	15.2000
75.0000	75.1000	17.3000
315.0000	291.5500	13.8000
130.0000	130.1000	14.9000
75.0000	74.4000	14.1000
290.0000	285.4000	18.5000
115.0000	112.9500	18.1000
35.0000	40.1500	12.8000
230.0000	228.1500	17.2000
65.0000	65.7500	16.5000
260.0000	259.7500	15.6000
340.0000	340.1000	17.3000
225.0000	223.6000	13.8000
335.0000	335.9000	15.5000
85.0000	181.5000	12.4000
205.0000	209.7000	14.3000
22.5000	22.7750	13.9000
240.0000	240.0500	16.0000
145.0000	146.8000	18.1000
335.0000	334.5000	15.7000
120.0000	119.7000	15.6000
95.0000	94.9500	14.6000
55.0000	55.1000	14.3000
275.0000	274.6500	17.8000
55.0000	56.3500	17.5000
170.0000	166.6000	14.1000
265.0000	260.9500	18.8000
325.0000	337.0500	14.5000
85.0000	85.0000	14.8000
235.0000	234.8000	15.4000
230.0000	229.2500	14.9000
360.0000	325.3500	14.2000
360.0000	359.7500	16.9000
105.0000	132.2500	12.7000
260.0000	259.6500	15.9000
325.0000	323.9000	16.1000
20.0000	23.1000	18.4000
195.0000	185.2500	18.3000
210.0000	209.7500	17.2000
130.0000	130.5500	16.8000
50.0000	49.2500	18.3000
55.0000	55.2500	17.6000
270.0000	270.5000	16.1000
30.0000	30.0500	14.5000
325.0000	324.1500	16.3000
305.0000	303.8500	17.1000
245.0000	239.6500	14.0000
205.0000	204.3000	15.5000
350.0000	341.7000	19.2000
255.0000	254.7000	15.7000
355.0000	341.6500	14.6000
235.0000	231.2500	19.1000
165.0000	164.1500	16.7000
275.0000	279.9000	14.9000
90.0000	90.1000	15.2000
325.0000	324.3500	16.7000
345.0000	345.0000	15.8000
30.0000	39.7000	12.4000
235.0000	238.5500	18.0000
140.0000	138.7500	18.5000
85.0000	85.4000	14.2000
30.0000	30.0000	15.2000
200.0000	199.4000	17.2000
60.0000	60.2500	13.3000
345.0000	311.9500	14.1000
165.0000	165.0500	16.2000
135.0000	135.3000	15.2000
270.0000	264.8500	15.3000
180.0000	193.4000	12.8000
60.0000	63.9500	18.2000
275.0000	278.7000	19.4000
245.0000	246.4000	14.6000
200.0000	261.9500	12.0000
320.0000	320.3500	15.6000
245.0000	244.5500	18.2000
20.0000	20.0250	15.4000
115.0000	116.7000	14.0000
175.0000	174.9000	15.8000
325.0000	325.4500	15.8000
65.0000	70.1500	18.4000
295.0000	253.1500	13.4000
115.0000	115.0000	16.1000
225.0000	228.4000	18.1000
45.0000	42.6750	16.8000
170.0000	162.9000	18.4000
100.0000	101.2000	18.3000
240.0000	239.9000	15.9000
22.5000	22.4250	15.4000
295.0000	294.7000	17.7000
300.0000	240.0750	13.4000
300.0000	241.8500	12.4000
305.0000	322.1500	14.1000
320.0000	316.9500	19.4000
230.0000	229.1000	16.1000
22.5000	53.3250	12.3000
290.0000	269.5500	14.4000
255.0000	256.1000	13.7000
320.0000	319.6500	17.3000
220.0000	220.2500	14.8000
250.0000	253.5500	19.2000
210.0000	209.7500	17.9000
180.0000	180.8500	15.7000
105.0000	104.9000	14.8000
215.0000	214.5500	19.3000
50.0000	50.0000	15.8000
325.0000	324.2000	15.6000
115.0000	115.2500	16.7000
130.0000	128.9500	17.8000
250.0000	251.5500	17.5000
95.0000	85.3500	12.6000
25.0000	84.3500	12.1000
155.0000	154.6000	16.0000
350.0000	280.4000	13.8000
160.0000	190.5000	12.9000
245.0000	250.8000	12.4000
290.0000	284.7000	18.9000
185.0000	183.5000	14.8000
205.0000	204.9000	17.2000
295.0000	258.1500	13.3000
200.0000	203.9500	14.2000
155.0000	254.9000	12.0000
120.0000	120.0000	17.8000
105.0000	97.6000	18.3000
115.0000	127.3000	19.4000
200.0000	200.0000	17.6000
165.0000	164.3500	14.8000
125.0000	155.2250	12.8000
160.0000	160.0500	16.1000
230.0000	225.5000	18.8000
200.0000	206.8000	14.0000
150.0000	156.9750	13.1000
55.0000	58.2000	13.0000
275.0000	276.3500	18.1000
305.0000	303.3000	15.2000
270.0000	269.8500	16.3000
40.0000	44.2250	13.0000
155.0000	161.3500	19.3000
35.0000	30.9750	17.4000
235.0000	234.1500	16.9000
190.0000	189.0000	17.2000
240.0000	221.7500	12.7000
22.5000	44.2000	12.2000
50.0000	48.7000	14.2000
55.0000	55.0000	15.3000
22.5000	23.5750	17.7000
335.0000	327.9500	14.3000
200.0000	241.4500	13.2000
175.0000	176.4500	18.3000
300.0000	301.5000	18.8000
35.0000	33.9250	16.5000
355.0000	347.9000	19.0000
330.0000	330.1000	16.2000
265.0000	265.7500	13.4000
105.0000	105.0000	15.3000
285.0000	248.9500	13.0000
285.0000	214.6500	13.1000
325.0000	324.1000	16.5000
125.0000	121.6000	17.5000
100.0000	101.5500	17.8000
105.0000	166.5500	12.3000
150.0000	149.7000	16.6000
120.0000	130.1500	18.8000
90.0000	90.6500	17.2000
150.0000	149.9500	15.5000
270.0000	270.1000	17.2000
240.0000	239.8000	16.6000
45.0000	45.0000	15.3000
235.0000	234.3000	17.4000
22.5000	22.5250	13.7000
340.0000	339.0000	16.2000
335.0000	332.6500	18.9000
310.0000	229.8500	12.7000
320.0000	308.7500	15.1000
105.0000	105.2000	16.6000
250.0000	235.2000	12.9000
220.0000	222.1000	14.5000
50.0000	50.6000	16.3000
345.0000	344.8500	16.3000
160.0000	233.1000	12.0000
105.0000	105.1000	16.9000
265.0000	264.7000	15.6000
235.0000	237.8000	14.1000
75.0000	73.0500	16.5000
205.0000	263.2500	13.1000
180.0000	179.9500	17.7000
40.0000	42.4000	17.4000
340.0000	340.3500	18.3000
335.0000	268.1000	13.5000
335.0000	324.5000	19.4000
175.0000	176.2000	17.3000
85.0000	87.2000	18.0000
260.0000	233.6000	12.5000
335.0000	240.2500	12.4000
270.0000	265.8000	18.8000
50.0000	50.0500	17.9000
125.0000	133.5000	18.7000
90.0000	90.1500	15.1000
300.0000	297.1000	15.6000
160.0000	162.2500	14.5000
25.0000	24.9500	13.8000
245.0000	245.3000	15.7000
330.0000	330.3000	18.4000
80.0000	77.1000	18.2000
190.0000	182.9500	18.1000
335.0000	251.8000	12.1000
325.0000	324.5000	18.1000
200.0000	228.9250	13.0000
180.0000	178.2000	14.7000
340.0000	341.0000	19.2000
290.0000	290.2000	17.8000
335.0000	334.6500	16.8000
255.0000	202.6000	13.2000
60.0000	56.0500	17.9000
120.0000	126.1500	14.4000
30.0000	30.3000	14.2000
50.0000	49.8500	16.0000
230.0000	234.1000	18.0000
35.0000	36.4500	17.3000
200.0000	244.4500	12.2000
250.0000	275.6000	13.6000
85.0000	85.0000	13.6000
225.0000	216.3500	12.1000
75.0000	75.9500	18.0000
245.0000	245.8000	18.1000
35.0000	33.9000	16.3000
340.0000	340.0500	16.0000
100.0000	209.2000	12.7000
145.0000	237.7000	12.4000
220.0000	211.5000	12.8000
40.0000	45.2000	19.3000
70.0000	70.0500	16.0000
25.0000	25.1250	15.6000
345.0000	242.1500	12.5000
265.0000	267.7000	19.1000
170.0000	180.2500	13.4000
275.0000	274.5000	17.7000
195.0000	194.7000	16.9000
325.0000	323.1500	16.4000
95.0000	89.1500	13.1000
260.0000	258.5000	18.0000
225.0000	258.6500	12.0000
305.0000	306.7500	15.0000
355.0000	306.9500	13.9000
175.0000	218.4500	12.6000
195.0000	195.1500	15.6000
90.0000	217.0250	12.1000
340.0000	339.7000	16.3000
255.0000	254.4500	17.6000
110.0000	121.2500	19.2000
90.0000	81.8500	18.8000
100.0000	98.9000	16.8000
135.0000	135.0000	16.8000
180.0000	180.1000	15.6000
355.0000	250.4000	12.1000
85.0000	87.4000	19.2000
65.0000	216.4500	12.1000
115.0000	114.9000	16.2000
170.0000	169.4500	17.4000
22.5000	26.3500	18.0000
125.0000	125.3500	13.1000
320.0000	319.5000	16.6000
