True_LogN	Predicted_LogN	True_Tex
13.4000	12.6960	290.0000
18.8000	18.7990	180.0000
16.7000	16.6690	125.0000
12.8000	12.9990	25.0000
12.7000	12.4780	275.0000
19.2000	19.2240	90.0000
16.9000	16.8740	45.0000
17.8000	17.7920	335.0000
16.7000	16.6800	40.0000
17.9000	17.8900	215.0000
12.8000	13.3560	110.0000
17.1000	17.1160	125.0000
15.2000	15.1850	240.0000
16.4000	16.3680	170.0000
12.5000	12.5410	105.0000
12.6000	12.6490	105.0000
15.2000	15.1460	40.0000
18.6000	18.6000	320.0000
15.3000	15.3120	200.0000
12.1000	12.3420	340.0000
13.6000	13.4200	260.0000
17.5000	17.5240	150.0000
19.1000	19.1000	115.0000
12.0000	12.6040	40.0000
16.6000	16.6130	145.0000
14.3000	14.4540	100.0000
17.0000	16.9670	165.0000
17.8000	17.8130	175.0000
17.7000	17.6930	105.0000
18.3000	18.3370	345.0000
18.2000	18.2230	345.0000
13.5000	12.9460	240.0000
13.5000	13.5590	160.0000
14.8000	14.6550	250.0000
17.5000	17.5820	360.0000
12.4000	12.5900	320.0000
17.7000	17.7090	80.0000
14.8000	14.8360	135.0000
12.5000	12.5210	240.0000
16.8000	16.8400	205.0000
13.7000	13.7360	35.0000
13.8000	13.7890	80.0000
19.2000	19.1940	290.0000
16.4000	16.2800	330.0000
14.6000	14.6990	140.0000
16.0000	16.0010	75.0000
19.0000	19.0010	345.0000
13.6000	13.2960	235.0000
17.5000	17.5090	310.0000
15.5000	15.6130	125.0000
17.1000	17.0710	35.0000
13.0000	12.6500	230.0000
17.1000	17.0850	120.0000
17.9000	17.8900	205.0000
12.4000	12.4680	265.0000
16.7000	16.7250	45.0000
12.7000	12.9050	65.0000
15.6000	15.4500	65.0000
17.4000	17.4150	155.0000
18.4000	18.4180	70.0000
18.7000	18.6800	285.0000
16.0000	15.9560	320.0000
18.2000	18.2130	55.0000
19.2000	19.2080	175.0000
14.4000	14.2450	340.0000
12.7000	12.5360	360.0000
14.4000	14.3630	205.0000
12.2000	12.5740	75.0000
17.0000	17.0170	200.0000
18.8000	18.8180	290.0000
14.6000	14.5290	195.0000
17.0000	16.9890	190.0000
12.8000	12.5930	275.0000
13.0000	13.3090	75.0000
16.1000	16.1570	200.0000
14.5000	14.4530	235.0000
17.6000	17.6210	235.0000
18.3000	18.2770	300.0000
16.4000	16.4680	240.0000
17.5000	17.4320	20.0000
14.9000	14.9360	100.0000
13.5000	13.6350	35.0000
17.1000	17.0940	130.0000
14.6000	14.6790	90.0000
15.6000	15.6100	170.0000
15.1000	15.2060	315.0000
12.6000	12.5870	200.0000
15.8000	15.7960	260.0000
12.6000	12.5640	135.0000
14.4000	14.2070	325.0000
18.7000	18.7440	345.0000
16.6000	16.5880	120.0000
18.5000	18.5120	115.0000
16.7000	16.7110	20.0000
18.4000	18.3740	30.0000
15.9000	15.7580	300.0000
17.6000	17.6280	60.0000
15.6000	15.5660	250.0000
14.7000	14.4870	350.0000
13.8000	13.8980	110.0000
14.9000	14.7770	295.0000
18.0000	18.0090	150.0000
18.0000	17.9880	325.0000
14.7000	14.9170	165.0000
13.5000	13.5640	20.0000
16.5000	16.4610	55.0000
16.8000	16.8370	185.0000
13.8000	13.8890	205.0000
15.4000	15.3710	75.0000
17.5000	17.4760	180.0000
12.2000	12.6010	40.0000
13.3000	12.9590	235.0000
17.0000	16.9540	305.0000
18.0000	17.9890	215.0000
17.7000	17.7380	350.0000
15.2000	15.2900	105.0000
12.2000	12.5950	115.0000
13.5000	13.4550	115.0000
12.0000	12.4870	345.0000
12.8000	12.5950	170.0000
18.4000	18.3610	40.0000
17.7000	17.6850	310.0000
17.6000	17.6580	355.0000
12.9000	12.4320	245.0000
12.1000	12.4690	230.0000
14.4000	14.5430	90.0000
13.9000	14.0170	50.0000
14.3000	14.3110	35.0000
12.0000	12.5260	305.0000
18.6000	18.6060	95.0000
18.8000	18.8030	155.0000
12.2000	12.4280	290.0000
13.1000	12.4290	330.0000
14.3000	14.2610	170.0000
18.7000	18.6790	235.0000
18.5000	18.5070	100.0000
14.9000	14.8560	55.0000
12.6000	12.4970	320.0000
14.8000	14.7200	320.0000
17.2000	17.1630	155.0000
12.0000	12.5330	355.0000
15.7000	15.6920	290.0000
18.1000	18.0980	135.0000
18.0000	17.9980	195.0000
15.9000	15.9100	90.0000
14.4000	14.5130	80.0000
13.2000	12.4530	350.0000
14.7000	14.6580	255.0000
17.2000	17.1780	255.0000
12.4000	12.6530	50.0000
14.9000	15.0200	195.0000
15.5000	15.4870	300.0000
15.1000	15.0640	180.0000
14.8000	14.7880	290.0000
13.9000	13.8560	20.0000
17.5000	17.4520	195.0000
12.4000	12.5920	200.0000
12.5000	12.4470	255.0000
12.3000	12.6100	110.0000
18.4000	18.3650	285.0000
15.3000	15.3680	100.0000
13.3000	13.4140	25.0000
13.1000	12.8770	235.0000
18.6000	18.5740	255.0000
13.7000	13.0130	315.0000
13.4000	12.7850	275.0000
14.6000	14.5070	315.0000
17.2000	17.1850	290.0000
16.9000	17.0380	30.0000
13.6000	13.1850	285.0000
16.1000	16.1660	125.0000
14.5000	14.6920	170.0000
17.5000	17.5240	140.0000
18.5000	18.4860	265.0000
19.3000	19.2990	120.0000
12.3000	12.9930	35.0000
15.0000	15.0500	135.0000
18.1000	18.1010	180.0000
12.6000	12.4590	345.0000
12.8000	12.5000	355.0000
18.8000	18.8330	35.0000
12.9000	12.6390	230.0000
12.9000	13.2870	55.0000
15.7000	15.6070	350.0000
13.3000	13.4650	90.0000
12.5000	12.6560	175.0000
17.4000	17.3420	115.0000
16.0000	15.9760	305.0000
14.5000	14.4090	295.0000
16.0000	15.9140	350.0000
15.5000	15.4930	165.0000
18.5000	18.4940	170.0000
12.9000	12.5470	240.0000
17.0000	16.9490	335.0000
12.9000	12.7100	325.0000
19.4000	19.3920	360.0000
12.1000	12.5700	345.0000
16.4000	16.4590	25.0000
14.1000	13.9430	315.0000
17.1000	17.0900	75.0000
13.1000	12.6890	210.0000
13.4000	13.6310	115.0000
16.0000	16.0370	295.0000
16.8000	16.7850	240.0000
12.8000	12.9200	80.0000
12.3000	12.8930	45.0000
13.8000	13.4680	300.0000
18.7000	18.7060	145.0000
13.4000	13.6670	65.0000
17.2000	17.2210	40.0000
13.2000	12.7990	230.0000
16.7000	16.6780	130.0000
16.2000	16.1970	140.0000
12.7000	12.8910	90.0000
12.6000	12.5510	360.0000
19.0000	19.0000	215.0000
13.8000	13.9010	22.5000
17.0000	16.9440	45.0000
17.9000	17.9010	245.0000
13.8000	13.0590	320.0000
12.4000	12.7910	45.0000
16.8000	16.8720	360.0000
18.5000	18.4800	310.0000
14.2000	14.2800	130.0000
15.6000	15.7020	205.0000
13.7000	13.7400	110.0000
13.0000	13.3140	105.0000
13.9000	14.1240	85.0000
16.5000	16.5200	260.0000
12.7000	12.5730	145.0000
18.4000	18.4040	135.0000
16.4000	16.3110	150.0000
15.5000	15.4580	230.0000
12.8000	12.5690	235.0000
19.2000	19.1970	330.0000
12.3000	12.5040	150.0000
15.3000	15.2720	80.0000
17.8000	17.7660	310.0000
17.6000	17.5920	65.0000
16.2000	16.1590	345.0000
15.1000	15.1550	105.0000
18.7000	18.7010	70.0000
14.3000	14.3700	30.0000
16.5000	16.4940	50.0000
17.8000	17.7670	295.0000
18.1000	18.1010	280.0000
18.9000	18.8990	190.0000
13.5000	13.5520	180.0000
17.8000	17.7630	260.0000
13.9000	14.0440	60.0000
18.5000	18.4880	65.0000
18.0000	18.0040	50.0000
14.3000	14.2490	195.0000
19.2000	19.2070	165.0000
12.9000	13.2060	100.0000
16.0000	16.0390	35.0000
16.6000	16.6300	290.0000
12.9000	12.5730	195.0000
12.9000	12.8020	145.0000
13.1000	13.4780	85.0000
18.2000	18.1880	215.0000
12.0000	12.6270	245.0000
18.9000	18.8950	95.0000
15.3000	15.4100	120.0000
14.5000	14.5250	35.0000
14.9000	14.9900	110.0000
19.4000	19.3990	165.0000
14.7000	14.5190	320.0000
16.3000	16.3930	205.0000
15.2000	15.1910	200.0000
18.7000	18.6640	45.0000
17.9000	17.8680	275.0000
19.4000	19.3990	135.0000
15.1000	15.1040	250.0000
12.3000	12.4280	295.0000
12.2000	12.5540	250.0000
17.9000	17.9270	65.0000
16.9000	16.8870	145.0000
16.6000	16.6990	295.0000
14.6000	14.6610	160.0000
14.0000	13.4420	340.0000
18.1000	18.0960	150.0000
15.2000	15.2340	295.0000
12.0000	12.8590	350.0000
15.3000	15.3060	60.0000
16.6000	16.6360	50.0000
17.5000	17.5100	265.0000
17.5000	17.5340	205.0000
18.4000	18.3760	200.0000
17.3000	17.3130	70.0000
12.7000	12.6010	305.0000
14.3000	14.3840	25.0000
19.0000	19.0000	295.0000
18.6000	18.6000	330.0000
16.7000	16.7610	185.0000
15.3000	15.3400	245.0000
14.1000	14.0500	130.0000
14.0000	14.0200	185.0000
13.3000	12.5870	280.0000
17.7000	17.6890	315.0000
15.0000	15.0410	22.5000
17.5000	17.5420	130.0000
12.5000	12.5460	270.0000
17.2000	17.2140	65.0000
19.3000	19.3060	295.0000
12.9000	13.0350	80.0000
17.9000	17.8960	285.0000
13.3000	13.1940	330.0000
15.6000	15.5440	350.0000
15.5000	15.4440	305.0000
14.1000	14.1780	70.0000
14.9000	15.0110	115.0000
16.0000	16.0380	215.0000
19.1000	19.1000	155.0000
17.5000	17.5350	255.0000
13.8000	12.9930	360.0000
19.4000	19.3850	70.0000
16.4000	16.4130	185.0000
16.1000	16.0690	345.0000
18.9000	18.8970	225.0000
17.2000	17.2010	315.0000
17.9000	17.8990	165.0000
12.0000	12.5000	290.0000
15.7000	15.6350	345.0000
17.1000	17.0330	335.0000
16.9000	16.8860	110.0000
13.3000	13.3240	135.0000
13.6000	13.8030	145.0000
19.3000	19.2920	55.0000
17.6000	17.6150	245.0000
12.7000	12.5540	235.0000
13.4000	12.6450	350.0000
18.8000	18.8480	360.0000
18.9000	18.8970	200.0000
12.2000	12.6110	145.0000
13.6000	13.3760	265.0000
17.0000	16.9640	175.0000
13.1000	13.2600	60.0000
16.2000	16.2540	205.0000
12.3000	12.5580	190.0000
15.3000	15.2670	240.0000
16.6000	16.5860	170.0000
13.9000	13.8170	135.0000
17.1000	17.0350	22.5000
16.4000	16.3940	180.0000
17.9000	17.8810	270.0000
18.9000	18.8990	245.0000
18.7000	18.7560	360.0000
13.9000	13.8260	210.0000
17.1000	17.0860	275.0000
12.4000	13.0690	115.0000
15.9000	15.8750	80.0000
16.1000	16.0370	360.0000
18.1000	18.1070	55.0000
12.5000	12.4640	305.0000
13.9000	13.7480	245.0000
16.9000	16.9310	55.0000
18.7000	18.6620	55.0000
18.4000	18.3850	315.0000
15.6000	15.6630	135.0000
15.3000	15.2330	305.0000
14.3000	14.5180	115.0000
15.4000	15.3280	280.0000
13.5000	12.7560	345.0000
16.5000	16.3410	340.0000
14.5000	14.6560	230.0000
19.1000	19.0990	295.0000
18.7000	18.6900	30.0000
13.4000	13.2600	200.0000
14.0000	13.9860	235.0000
18.8000	18.5970	20.0000
14.9000	14.8630	315.0000
17.9000	17.9340	70.0000
17.1000	17.0830	255.0000
14.0000	13.9240	210.0000
19.3000	19.1440	20.0000
13.0000	12.6010	240.0000
13.0000	12.8390	180.0000
13.1000	13.2640	35.0000
14.9000	14.6100	350.0000
12.3000	12.8440	175.0000
15.4000	15.3580	205.0000
17.0000	17.0000	350.0000
12.6000	12.5140	170.0000
13.3000	13.4960	105.0000
13.0000	12.5590	250.0000
16.2000	16.1920	290.0000
16.8000	16.8420	340.0000
17.5000	17.5350	95.0000
18.9000	18.8890	265.0000
15.6000	15.5700	295.0000
15.5000	15.5270	130.0000
15.1000	15.0270	30.0000
12.5000	12.5590	155.0000
12.8000	12.6050	225.0000
18.9000	18.9000	105.0000
17.4000	17.4220	340.0000
13.5000	13.5170	120.0000
17.8000	17.8050	75.0000
12.6000	12.5730	290.0000
14.6000	14.5560	280.0000
13.6000	13.2240	290.0000
12.4000	12.6180	210.0000
14.5000	14.5350	75.0000
18.4000	18.3440	35.0000
13.0000	12.5340	345.0000
13.2000	13.2020	195.0000
13.5000	13.6880	130.0000
14.1000	14.1640	190.0000
15.1000	14.9430	205.0000
16.3000	16.2870	280.0000
12.1000	12.3750	265.0000
14.4000	14.1600	345.0000
15.8000	15.8810	200.0000
17.2000	17.1810	250.0000
13.9000	14.0420	175.0000
16.3000	16.2860	175.0000
16.6000	16.6420	270.0000
16.2000	16.2540	260.0000
16.0000	15.9770	45.0000
15.1000	14.9380	335.0000
12.4000	12.6170	55.0000
14.5000	14.6850	105.0000
13.3000	12.6960	290.0000
17.5000	17.5170	240.0000
12.8000	12.6070	160.0000
15.8000	15.8590	25.0000
17.8000	17.7760	145.0000
17.2000	17.1870	30.0000
12.6000	12.4610	205.0000
15.2000	15.2180	160.0000
18.4000	18.3570	25.0000
13.6000	13.6350	20.0000
13.8000	13.8150	130.0000
16.6000	16.6270	75.0000
12.2000	12.5900	270.0000
13.1000	12.5720	335.0000
15.4000	15.4760	105.0000
17.4000	17.4080	140.0000
17.6000	17.6030	225.0000
12.0000	12.6650	180.0000
13.7000	13.2070	355.0000
19.2000	19.2300	40.0000
15.7000	15.7250	205.0000
15.3000	15.2140	320.0000
12.6000	12.5940	245.0000
15.9000	15.9120	55.0000
16.1000	16.1150	130.0000
19.1000	19.1890	50.0000
12.3000	12.3790	210.0000
13.7000	13.7430	185.0000
12.0000	12.5330	300.0000
13.9000	13.8270	250.0000
13.8000	13.8770	125.0000
17.3000	17.2820	290.0000
13.5000	13.0930	295.0000
16.3000	16.3570	245.0000
15.6000	15.5960	145.0000
18.4000	18.4030	295.0000
17.6000	17.5960	190.0000
18.2000	18.1720	285.0000
19.4000	19.4000	215.0000
13.0000	12.6810	235.0000
12.7000	12.5330	245.0000
17.3000	17.2780	170.0000
18.7000	18.6930	295.0000
16.0000	16.1120	170.0000
18.9000	18.8980	315.0000
14.8000	14.7530	295.0000
19.2000	19.2100	115.0000
14.6000	14.6150	165.0000
19.3000	19.3010	270.0000
19.1000	19.1030	190.0000
16.4000	16.3990	75.0000
15.6000	15.6390	130.0000
12.9000	13.1310	120.0000
12.6000	12.6570	115.0000
12.7000	12.4750	270.0000
16.5000	16.5340	40.0000
14.1000	13.8030	280.0000
19.3000	19.3130	25.0000
14.6000	14.6320	200.0000
15.2000	15.2110	280.0000
16.2000	16.1940	265.0000
19.1000	19.1010	145.0000
15.3000	15.3030	175.0000
14.3000	14.1110	310.0000
12.4000	13.0350	70.0000
15.6000	15.5480	305.0000
16.5000	16.3740	330.0000
13.9000	13.9920	65.0000
13.8000	13.3360	345.0000
15.3000	15.3760	230.0000
18.6000	18.6050	290.0000
16.3000	16.3060	125.0000
17.8000	17.8070	35.0000
15.0000	15.1600	145.0000
16.9000	16.8770	280.0000
17.1000	17.0870	205.0000
19.2000	19.2040	180.0000
17.2000	17.2090	240.0000
12.0000	12.5320	270.0000
18.4000	18.4030	125.0000
16.4000	16.3940	280.0000
17.5000	17.5070	245.0000
15.1000	15.2240	160.0000
14.2000	13.8230	340.0000
16.2000	16.1580	270.0000
17.2000	17.1880	135.0000
12.9000	12.6960	215.0000
17.4000	17.4040	315.0000
18.2000	18.1960	335.0000
18.3000	18.3250	125.0000
14.4000	14.2740	190.0000
16.3000	16.2310	315.0000
19.1000	19.1010	325.0000
16.5000	16.9780	360.0000
19.4000	19.3940	105.0000
18.2000	18.1960	125.0000
13.2000	13.6460	100.0000
13.8000	13.8930	105.0000
14.5000	14.5380	50.0000
14.7000	14.8320	210.0000
17.4000	17.4050	250.0000
17.9000	17.9140	135.0000
15.5000	15.4660	210.0000
18.3000	18.3230	95.0000
17.4000	17.3740	165.0000
12.8000	12.6810	215.0000
15.6000	15.5320	345.0000
14.3000	14.2130	155.0000
13.8000	13.5510	260.0000
17.5000	17.4950	345.0000
14.7000	14.5170	335.0000
13.5000	12.8990	350.0000
18.7000	18.6790	290.0000
17.4000	17.3860	125.0000
15.5000	15.6020	180.0000
14.0000	14.0490	85.0000
14.9000	14.8290	260.0000
17.0000	16.9890	20.0000
16.4000	16.4540	22.5000
19.3000	19.2410	45.0000
13.8000	13.6960	230.0000
17.8000	17.8020	215.0000
13.7000	13.0170	340.0000
15.6000	15.5790	220.0000
14.5000	14.5010	60.0000
18.1000	18.1200	90.0000
19.4000	19.3920	75.0000
17.4000	17.4160	75.0000
15.4000	15.3150	305.0000
18.2000	18.2090	115.0000
18.0000	18.0130	70.0000
12.3000	12.5480	250.0000
18.6000	18.6080	165.0000
14.4000	14.3870	75.0000
16.2000	16.1780	350.0000
13.0000	12.5490	335.0000
14.4000	14.3450	140.0000
12.7000	13.0280	40.0000
16.7000	16.6100	345.0000
12.8000	12.4840	320.0000
18.7000	18.6840	260.0000
18.7000	18.6780	240.0000
14.1000	14.1480	210.0000
18.6000	18.5760	60.0000
15.3000	15.2680	215.0000
16.7000	16.7110	220.0000
14.4000	14.4070	230.0000
13.8000	13.5590	310.0000
13.4000	13.5570	25.0000
15.7000	15.7680	220.0000
18.1000	18.1260	70.0000
13.9000	13.3530	350.0000
18.8000	18.7960	330.0000
12.0000	12.5630	80.0000
12.3000	12.5600	290.0000
15.5000	15.3560	360.0000
14.5000	14.6040	90.0000
17.0000	16.9600	150.0000
12.0000	12.5240	325.0000
14.1000	14.1710	35.0000
15.9000	15.9490	125.0000
15.5000	15.4570	290.0000
16.1000	16.1840	240.0000
16.5000	16.4740	165.0000
15.1000	15.1330	70.0000
16.2000	16.1830	220.0000
17.3000	17.2700	280.0000
14.7000	14.7200	115.0000
15.7000	15.6620	325.0000
17.0000	16.9810	120.0000
18.5000	18.4830	255.0000
13.3000	12.7300	340.0000
12.8000	12.6900	130.0000
15.8000	15.7750	360.0000
14.0000	14.0690	45.0000
13.5000	13.6230	105.0000
17.7000	17.6820	165.0000
17.4000	17.3960	305.0000
14.6000	14.6980	100.0000
15.5000	15.5380	260.0000
15.1000	15.1710	110.0000
13.2000	12.9080	180.0000
13.8000	13.7160	250.0000
12.0000	12.5960	35.0000
16.5000	16.4850	170.0000
13.2000	12.9390	305.0000
14.0000	14.0420	180.0000
16.9000	16.9120	275.0000
15.8000	15.7360	65.0000
13.7000	13.2750	270.0000
14.7000	14.6530	50.0000
18.2000	18.1860	265.0000
12.6000	12.7990	75.0000
13.1000	13.0730	65.0000
19.2000	19.1980	320.0000
18.4000	18.3640	235.0000
17.4000	17.4040	270.0000
18.9000	18.8960	100.0000
12.0000	12.4990	190.0000
17.5000	17.5000	75.0000
17.8000	17.8020	90.0000
12.9000	12.6300	155.0000
15.4000	15.5140	25.0000
17.3000	17.3240	110.0000
14.7000	14.7570	35.0000
15.1000	14.7990	345.0000
13.6000	13.6300	210.0000
13.2000	13.4040	125.0000
17.3000	17.3100	140.0000
12.8000	12.5240	210.0000
17.1000	17.0850	170.0000
14.2000	14.2530	22.5000
16.8000	16.8010	95.0000
12.1000	12.5000	245.0000
12.8000	12.6040	325.0000
13.1000	12.9870	160.0000
19.1000	19.1000	110.0000
18.2000	18.1970	150.0000
17.3000	17.2870	150.0000
13.5000	13.7270	150.0000
12.7000	12.5240	340.0000
16.2000	16.1670	95.0000
13.0000	12.7230	195.0000
15.5000	15.4920	40.0000
12.0000	12.5430	255.0000
15.7000	15.6330	65.0000
14.7000	14.8360	110.0000
13.9000	14.0180	35.0000
14.6000	14.6730	235.0000
13.3000	12.9660	150.0000
14.6000	14.6120	150.0000
15.2000	15.2150	22.5000
14.1000	14.0730	220.0000
13.3000	13.3020	155.0000
15.0000	15.0250	235.0000
14.3000	14.2500	275.0000
15.1000	15.0180	285.0000
16.3000	16.2900	145.0000
13.4000	13.5540	40.0000
19.4000	19.3950	265.0000
13.5000	13.4710	215.0000
14.4000	14.4300	175.0000
12.6000	13.2080	30.0000
14.2000	14.2710	210.0000
18.5000	18.4900	250.0000
12.2000	12.5750	165.0000
16.1000	16.0920	55.0000
12.4000	12.8510	35.0000
13.7000	13.7510	50.0000
14.4000	14.5020	70.0000
18.9000	18.8970	240.0000
18.7000	18.6990	65.0000
15.0000	14.8010	350.0000
18.3000	18.2890	240.0000
18.9000	18.8980	110.0000
12.2000	12.5650	265.0000
18.4000	18.4050	160.0000
17.7000	17.7170	135.0000
15.3000	15.3330	95.0000
16.6000	16.5530	300.0000
16.3000	16.2780	100.0000
18.0000	18.0060	110.0000
13.5000	13.6440	90.0000
17.4000	17.3740	120.0000
13.9000	13.3970	345.0000
19.4000	19.4000	260.0000
15.7000	15.8040	215.0000
12.3000	12.4950	200.0000
18.7000	18.7240	120.0000
15.7000	15.7020	150.0000
16.7000	16.6110	350.0000
15.7000	15.6600	60.0000
18.0000	18.0200	105.0000
17.3000	17.2980	200.0000
16.7000	16.6740	100.0000
13.6000	13.6960	90.0000
16.8000	16.8000	150.0000
17.2000	17.1890	235.0000
19.4000	19.4000	255.0000
19.0000	19.0020	140.0000
15.0000	14.8950	285.0000
18.6000	18.6000	85.0000
17.2000	17.1620	160.0000
18.1000	18.1040	100.0000
13.7000	13.8800	155.0000
14.3000	14.3380	45.0000
14.0000	14.0710	105.0000
18.8000	18.7680	240.0000
14.8000	14.9510	130.0000
13.9000	13.5690	255.0000
19.4000	19.4000	280.0000
17.2000	17.1620	195.0000
13.3000	13.1080	200.0000
16.5000	16.5380	200.0000
17.6000	17.6190	220.0000
17.9000	17.8880	185.0000
12.7000	12.5050	155.0000
13.7000	13.4440	290.0000
13.8000	13.8670	85.0000
14.2000	14.2190	120.0000
15.7000	15.6670	95.0000
14.8000	14.7990	65.0000
13.7000	13.8220	70.0000
17.9000	17.8640	145.0000
15.3000	15.2410	50.0000
12.5000	12.5510	210.0000
18.7000	18.6980	215.0000
19.0000	19.0000	185.0000
16.7000	16.7410	70.0000
18.9000	18.8990	185.0000
17.6000	17.6130	145.0000
18.4000	18.3620	250.0000
18.6000	18.6080	115.0000
12.3000	12.8050	30.0000
19.1000	19.1010	215.0000
17.5000	17.5010	325.0000
12.9000	12.8190	135.0000
14.0000	13.7140	310.0000
13.2000	12.6550	235.0000
18.4000	18.3700	210.0000
13.0000	12.5350	295.0000
18.3000	18.2820	180.0000
12.7000	12.5610	220.0000
17.7000	17.7040	140.0000
13.9000	13.7150	270.0000
14.0000	13.9370	215.0000
13.0000	12.6350	325.0000
13.0000	13.1920	45.0000
12.2000	12.5520	345.0000
17.3000	17.2820	125.0000
14.3000	14.3310	65.0000
16.8000	16.8000	175.0000
19.1000	19.0880	25.0000
18.1000	18.1080	235.0000
19.0000	19.0380	60.0000
15.6000	15.5430	70.0000
16.0000	16.0280	40.0000
14.4000	14.3060	285.0000
17.7000	17.7100	150.0000
17.6000	17.6190	155.0000
13.7000	13.9450	90.0000
14.2000	14.0450	310.0000
18.2000	18.2310	70.0000
18.2000	18.2690	355.0000
18.3000	18.2450	30.0000
18.5000	18.5090	90.0000
13.8000	13.9230	60.0000
13.1000	13.4340	70.0000
14.9000	14.9660	65.0000
18.7000	18.6960	90.0000
17.2000	17.0600	20.0000
19.2000	19.1930	295.0000
13.4000	13.6690	35.0000
13.5000	13.2890	210.0000
15.8000	15.7890	280.0000
13.4000	13.3240	150.0000
14.7000	14.5710	315.0000
17.3000	17.2870	180.0000
16.9000	17.0130	25.0000
14.0000	13.5280	335.0000
14.2000	14.2800	65.0000
14.1000	14.0800	180.0000
15.3000	15.2610	315.0000
14.7000	14.7960	105.0000
17.5000	17.4680	185.0000
13.3000	13.3720	45.0000
14.8000	14.8010	245.0000
17.0000	16.9410	250.0000
14.2000	14.2340	20.0000
17.3000	17.2970	245.0000
19.0000	19.0010	100.0000
14.9000	14.9290	40.0000
14.5000	14.4330	315.0000
18.6000	18.5760	240.0000
12.3000	12.6140	255.0000
16.7000	16.6960	315.0000
17.4000	17.4020	335.0000
12.2000	12.4970	90.0000
16.9000	16.8830	285.0000
15.1000	15.0900	325.0000
14.3000	14.3170	180.0000
14.2000	13.9710	295.0000
17.7000	17.7880	360.0000
12.9000	12.9610	20.0000
16.8000	16.7970	285.0000
14.6000	14.3820	340.0000
19.1000	19.1840	45.0000
18.0000	18.0030	180.0000
12.2000	12.5480	355.0000
15.9000	15.8500	350.0000
14.9000	14.6850	280.0000
15.4000	15.4790	170.0000
16.8000	16.8350	295.0000
17.1000	17.0470	330.0000
13.5000	13.6580	85.0000
13.9000	13.9330	165.0000
16.7000	16.6700	95.0000
16.7000	16.6860	230.0000
18.0000	17.9820	25.0000
16.1000	16.1120	225.0000
12.7000	12.8580	125.0000
15.5000	15.4400	75.0000
16.4000	16.4320	255.0000
17.2000	17.2330	360.0000
15.2000	15.1410	55.0000
18.6000	18.5820	225.0000
15.8000	15.7180	355.0000
19.2000	19.2240	95.0000
15.0000	14.8460	360.0000
18.8000	18.8040	340.0000
18.2000	18.2070	195.0000
12.9000	13.2070	115.0000
15.7000	15.7770	145.0000
17.6000	17.6210	175.0000
19.0000	18.9950	65.0000
12.8000	12.9600	20.0000
15.3000	15.3840	140.0000
12.3000	12.5550	220.0000
16.0000	16.0600	125.0000
12.4000	12.5180	205.0000
13.3000	12.6790	360.0000
14.1000	14.1100	165.0000
15.0000	15.0270	185.0000
12.4000	12.4850	175.0000
12.8000	12.8130	150.0000
18.9000	18.8910	25.0000
13.4000	13.6470	95.0000
13.7000	13.8490	100.0000
17.5000	17.4930	190.0000
16.3000	16.3280	80.0000
12.6000	13.0790	80.0000
14.4000	14.3640	60.0000
19.1000	19.1010	135.0000
15.8000	15.7950	275.0000
16.6000	16.5890	245.0000
12.1000	12.8590	20.0000
13.5000	13.6870	22.5000
14.5000	14.5380	25.0000
13.8000	13.2550	355.0000
19.1000	19.1000	120.0000
13.6000	13.7520	70.0000
14.6000	14.6250	255.0000
17.2000	17.1830	140.0000
19.3000	19.3000	135.0000
12.3000	12.5560	145.0000
13.3000	13.5600	115.0000
12.5000	12.4540	330.0000
12.5000	12.9120	65.0000
13.3000	13.4170	55.0000
12.6000	12.8760	55.0000
14.9000	14.8830	190.0000
12.7000	12.6010	185.0000
12.1000	12.5810	105.0000
15.3000	15.1990	340.0000
14.6000	14.5110	270.0000
19.3000	19.3000	330.0000
16.8000	16.8380	30.0000
14.8000	14.7430	285.0000
14.5000	14.6560	80.0000
18.3000	18.2820	185.0000
15.9000	15.8720	75.0000
18.3000	18.2910	235.0000
17.8000	17.7680	285.0000
16.3000	16.3010	45.0000
18.0000	18.0000	255.0000
12.4000	12.5420	155.0000
16.2000	16.2480	40.0000
14.9000	14.5620	360.0000
14.1000	13.9950	105.0000
16.7000	16.7290	190.0000
12.5000	12.5150	350.0000
15.2000	15.3370	260.0000
16.1000	16.1940	190.0000
14.7000	14.7050	260.0000
14.1000	14.0120	140.0000
17.7000	17.7140	255.0000
18.5000	18.5050	80.0000
12.5000	12.5150	285.0000
16.1000	16.1410	135.0000
19.0000	18.8820	20.0000
15.8000	15.8190	35.0000
14.3000	14.1310	325.0000
19.3000	19.2960	145.0000
12.5000	12.9530	22.5000
17.8000	17.8060	230.0000
17.1000	17.0670	100.0000
18.4000	18.4070	155.0000
16.9000	16.8800	85.0000
17.1000	17.0860	260.0000
18.1000	18.1160	80.0000
15.4000	15.4510	200.0000
13.0000	12.7780	135.0000
19.0000	19.0000	145.0000
18.1000	18.1020	310.0000
14.5000	14.5440	255.0000
18.8000	18.8200	125.0000
13.5000	13.1210	275.0000
16.5000	16.5060	110.0000
16.4000	16.3310	160.0000
18.7000	18.5290	20.0000
17.2000	17.1640	150.0000
14.6000	14.6360	55.0000
16.0000	16.0220	210.0000
13.0000	12.6060	305.0000
14.2000	14.1030	275.0000
15.5000	15.4430	70.0000
16.4000	16.4420	270.0000
15.8000	15.8130	95.0000
18.9000	18.8980	165.0000
18.7000	18.7060	170.0000
16.4000	16.3890	140.0000
12.2000	12.4700	300.0000
14.6000	14.6150	220.0000
17.7000	17.7220	335.0000
16.9000	16.8670	300.0000
17.4000	17.4450	55.0000
16.5000	16.4690	105.0000
17.0000	16.9790	85.0000
13.3000	12.8010	265.0000
16.2000	16.3140	195.0000
14.9000	14.9540	35.0000
18.5000	18.5060	340.0000
15.4000	15.3560	90.0000
13.8000	13.8830	185.0000
14.7000	14.7200	70.0000
12.9000	13.3610	65.0000
13.7000	13.2740	320.0000
19.1000	19.0900	250.0000
17.9000	17.9000	105.0000
13.2000	12.9980	265.0000
13.7000	13.0460	360.0000
12.6000	12.5320	305.0000
16.2000	16.2080	255.0000
15.4000	15.4770	110.0000
17.9000	17.9300	75.0000
18.2000	18.2100	240.0000
18.1000	18.1030	130.0000
14.4000	14.4670	170.0000
18.2000	18.2250	100.0000
13.0000	12.8110	220.0000
13.1000	12.4970	310.0000
13.4000	12.7070	280.0000
16.4000	16.3570	350.0000
17.8000	17.7900	255.0000
16.9000	16.8880	175.0000
14.6000	14.6850	115.0000
14.5000	14.6690	140.0000
16.0000	15.9390	205.0000
16.0000	15.9490	95.0000
13.9000	13.5920	275.0000
18.4000	18.3630	215.0000
16.7000	16.6580	105.0000
17.2000	17.2430	355.0000
12.8000	12.5360	340.0000
16.8000	16.6270	350.0000
12.7000	12.6540	265.0000
18.1000	18.1120	250.0000
16.6000	16.6090	195.0000
16.2000	16.2590	135.0000
16.1000	16.1700	20.0000
15.7000	15.6870	45.0000
18.3000	18.2800	310.0000
13.8000	13.7980	145.0000
15.9000	15.9230	155.0000
16.6000	16.5220	335.0000
19.2000	19.2020	285.0000
18.3000	18.2900	165.0000
16.0000	15.9960	285.0000
15.1000	15.0560	155.0000
14.0000	13.9300	225.0000
15.4000	15.3730	250.0000
12.3000	12.5410	330.0000
19.1000	18.9110	20.0000
16.5000	16.4530	145.0000
17.9000	17.8840	280.0000
18.6000	18.5760	235.0000
12.2000	12.6700	20.0000
15.0000	14.9130	250.0000
16.2000	16.2360	90.0000
12.2000	12.5880	140.0000
15.4000	15.4060	255.0000
13.4000	13.5530	55.0000
15.7000	15.6620	50.0000
18.9000	18.9000	160.0000
15.1000	15.2820	195.0000
14.3000	14.3050	225.0000
15.5000	15.3540	60.0000
18.3000	18.3260	355.0000
13.8000	13.8760	120.0000
16.0000	15.9630	235.0000
13.0000	12.6070	290.0000
16.9000	16.8900	115.0000
17.7000	17.6940	90.0000
14.4000	14.4660	135.0000
13.1000	13.2300	22.5000
17.3000	17.2530	90.0000
15.8000	15.7880	90.0000
12.5000	12.6100	300.0000
12.6000	12.5750	140.0000
12.7000	12.6280	285.0000
12.2000	12.6090	135.0000
18.1000	18.1060	270.0000
13.0000	13.4400	65.0000
16.2000	16.2550	225.0000
13.6000	13.0650	355.0000
16.4000	16.3960	85.0000
19.0000	19.0020	115.0000
15.5000	15.4430	320.0000
12.9000	12.5470	265.0000
19.3000	19.3040	115.0000
18.8000	18.8120	100.0000
18.3000	18.2940	305.0000
13.7000	13.3320	350.0000
12.1000	12.8750	110.0000
12.7000	12.6660	150.0000
15.4000	15.3220	315.0000
14.3000	14.2800	270.0000
13.8000	13.9890	35.0000
15.5000	15.5330	215.0000
12.3000	12.5040	125.0000
12.7000	12.4780	295.0000
15.4000	15.4580	155.0000
17.5000	17.4960	290.0000
19.0000	19.0000	235.0000
12.4000	12.5950	125.0000
17.3000	17.3350	30.0000
15.7000	15.7270	22.5000
14.0000	14.1100	75.0000
14.4000	14.3070	300.0000
17.2000	17.1940	70.0000
13.6000	13.6630	155.0000
16.9000	16.9980	22.5000
14.5000	14.5320	110.0000
12.1000	12.5130	180.0000
14.7000	14.7750	160.0000
17.4000	17.4020	255.0000
16.5000	16.4890	100.0000
16.4000	16.4800	210.0000
14.7000	14.5080	345.0000
19.2000	19.1900	325.0000
16.3000	16.3160	30.0000
18.4000	18.4190	85.0000
17.8000	17.7780	115.0000
12.9000	12.5760	315.0000
17.5000	17.5290	210.0000
12.5000	12.4740	200.0000
14.0000	13.8870	275.0000
14.5000	14.3110	345.0000
14.4000	14.4790	180.0000
13.7000	13.3410	325.0000
16.6000	16.6360	185.0000
14.8000	14.6790	240.0000
16.8000	16.8110	255.0000
16.0000	16.0310	280.0000
17.8000	17.7760	245.0000
18.3000	18.3030	65.0000
15.2000	15.2700	115.0000
13.6000	13.7210	95.0000
14.4000	14.5900	105.0000
15.9000	15.8850	200.0000
19.0000	18.9990	190.0000
15.1000	14.9710	310.0000
19.0000	18.9990	280.0000
18.3000	18.2950	315.0000
17.9000	17.8490	22.5000
18.6000	18.6030	120.0000
16.8000	16.8130	65.0000
17.7000	17.6960	205.0000
15.1000	15.1000	65.0000
16.9000	16.8730	160.0000
15.5000	15.4910	245.0000
13.9000	13.9030	100.0000
12.0000	12.4530	360.0000
18.8000	18.8160	140.0000
18.8000	18.8170	110.0000
16.6000	16.6670	265.0000
15.8000	15.7800	255.0000
14.5000	14.4150	320.0000
15.7000	15.7230	330.0000
12.1000	12.5310	350.0000
18.4000	18.4500	360.0000
17.5000	17.5060	350.0000
17.8000	17.7980	350.0000
16.3000	16.2890	165.0000
16.1000	16.0330	290.0000
18.5000	18.5010	185.0000
17.7000	17.6890	200.0000
18.7000	18.7260	130.0000
14.0000	14.0870	190.0000
18.1000	18.0990	210.0000
12.7000	13.3460	35.0000
16.5000	16.5900	230.0000
17.9000	17.9170	35.0000
13.1000	12.7750	225.0000
13.3000	13.2710	195.0000
15.5000	15.4510	310.0000
16.3000	16.0690	355.0000
12.2000	12.5440	170.0000
16.6000	16.6180	225.0000
13.0000	12.9890	150.0000
18.7000	18.7060	325.0000
17.8000	17.8020	195.0000
18.4000	18.4180	110.0000
12.2000	12.5110	315.0000
14.7000	14.5920	250.0000
12.8000	12.6220	245.0000
15.6000	15.6590	200.0000
12.7000	12.5100	260.0000
16.6000	16.5890	110.0000
17.4000	17.4100	345.0000
18.4000	18.4260	75.0000
12.1000	12.6560	195.0000
12.7000	12.5900	170.0000
13.6000	13.7870	50.0000
18.2000	18.1970	155.0000
15.2000	15.0470	275.0000
17.2000	17.1930	310.0000
15.5000	15.4610	265.0000
16.3000	16.3070	135.0000
12.5000	13.0910	30.0000
16.2000	16.2590	35.0000
17.1000	17.0880	175.0000
18.4000	18.4210	105.0000
12.2000	12.4730	195.0000
16.4000	16.4710	20.0000
15.5000	15.5540	35.0000
19.4000	19.4000	195.0000
13.3000	13.5290	130.0000
13.6000	13.7340	25.0000
18.9000	18.8990	135.0000
18.8000	18.7600	245.0000
12.1000	12.5840	130.0000
13.2000	12.5420	360.0000
13.8000	13.6940	240.0000
18.2000	18.2000	255.0000
14.7000	14.7670	22.5000
13.9000	13.7380	260.0000
13.1000	13.1200	195.0000
13.1000	13.4530	90.0000
12.3000	12.5570	130.0000
12.1000	12.5390	45.0000
15.2000	15.1610	85.0000
13.5000	13.6560	65.0000
14.2000	14.2080	70.0000
12.3000	12.5930	285.0000
16.3000	16.3190	75.0000
14.4000	14.3180	165.0000
18.8000	18.8150	95.0000
19.1000	19.1100	340.0000
16.2000	16.1990	110.0000
19.3000	19.2770	360.0000
16.3000	16.2830	40.0000
14.7000	14.6370	305.0000
13.9000	14.0320	45.0000
12.2000	12.5850	60.0000
12.8000	13.2830	70.0000
16.0000	16.0370	270.0000
18.6000	18.5930	305.0000
16.4000	16.3410	310.0000
12.2000	12.4080	335.0000
17.6000	17.6320	40.0000
18.5000	18.4890	235.0000
12.6000	12.5270	280.0000
16.5000	16.4540	300.0000
17.9000	17.8680	220.0000
13.4000	13.2510	225.0000
13.3000	13.3840	22.5000
16.9000	16.9400	215.0000
18.7000	18.6850	265.0000
18.3000	18.3230	90.0000
16.1000	16.1200	110.0000
14.3000	14.3720	90.0000
12.2000	12.4700	305.0000
15.9000	15.8230	315.0000
17.8000	17.7860	25.0000
17.7000	17.7050	280.0000
15.3000	15.2130	350.0000
12.5000	12.6110	225.0000
14.8000	14.6160	345.0000
16.2000	16.2200	190.0000
15.7000	15.6640	285.0000
16.5000	16.3570	345.0000
17.1000	17.0950	195.0000
12.9000	12.5330	335.0000
13.2000	13.3010	120.0000
12.6000	12.5650	220.0000
13.6000	13.7540	110.0000
12.4000	12.8880	22.5000
15.6000	15.6590	255.0000
16.9000	16.8770	165.0000
13.4000	13.5430	45.0000
16.3000	16.3830	200.0000
14.5000	14.5550	20.0000
12.2000	12.4750	255.0000
15.6000	15.4660	355.0000
12.6000	12.5980	230.0000
13.3000	12.6810	230.0000
16.4000	16.4150	60.0000
16.2000	16.3310	180.0000
15.1000	15.0160	225.0000
13.3000	12.6830	210.0000
15.3000	15.3050	300.0000
12.2000	12.5220	110.0000
12.0000	12.4210	220.0000
13.5000	13.1870	270.0000
16.1000	16.0420	80.0000
17.4000	17.4250	80.0000
18.9000	18.8950	280.0000
13.1000	12.6870	190.0000
12.1000	12.4520	275.0000
15.7000	15.6460	300.0000
14.8000	14.6200	310.0000
17.9000	17.9020	95.0000
14.0000	14.0100	205.0000
15.6000	15.5770	235.0000
15.1000	15.1410	100.0000
14.5000	14.6220	180.0000
15.7000	15.8160	160.0000
14.0000	13.7210	300.0000
12.2000	12.5540	150.0000
15.8000	15.7950	335.0000
13.0000	13.2560	120.0000
16.1000	16.0590	90.0000
17.3000	17.1570	20.0000
18.1000	18.1070	30.0000
17.4000	17.4020	275.0000
16.5000	16.4870	130.0000
16.7000	16.7320	305.0000
17.5000	17.5180	110.0000
12.0000	12.4450	175.0000
13.8000	13.5520	280.0000
14.8000	14.6740	325.0000
14.6000	14.6790	145.0000
12.6000	12.6490	120.0000
18.7000	18.7000	175.0000
13.6000	13.6770	80.0000
15.1000	15.1960	230.0000
13.1000	12.9950	170.0000
13.8000	13.8700	155.0000
15.4000	15.3810	345.0000
18.9000	18.8990	260.0000
18.1000	18.1010	110.0000
17.8000	17.7980	170.0000
16.6000	16.6330	350.0000
12.5000	12.5030	145.0000
16.0000	16.1080	135.0000
19.2000	19.1960	305.0000
16.7000	16.5870	340.0000
12.6000	12.6770	145.0000
15.0000	15.1150	110.0000
12.5000	12.4560	280.0000
19.4000	19.4000	190.0000
16.2000	16.2200	85.0000
18.5000	18.4400	45.0000
17.3000	17.2910	115.0000
14.7000	14.6300	185.0000
14.5000	14.4380	285.0000
12.5000	12.5230	180.0000
19.3000	19.2810	195.0000
17.7000	17.7080	125.0000
18.4000	18.4240	115.0000
17.2000	17.1520	165.0000
12.0000	12.5300	135.0000
15.4000	15.2380	330.0000
18.2000	18.1920	175.0000
15.8000	15.7610	110.0000
19.4000	19.3930	305.0000
15.1000	15.1910	145.0000
19.4000	19.3060	40.0000
16.5000	16.4550	115.0000
13.8000	13.6520	220.0000
13.9000	13.5130	360.0000
18.6000	18.5770	45.0000
14.4000	14.1970	350.0000
15.6000	15.6140	105.0000
16.5000	16.4750	175.0000
17.9000	17.8920	230.0000
19.0000	19.0020	110.0000
15.1000	15.0840	280.0000
14.7000	14.9380	140.0000
16.5000	16.5230	275.0000
14.7000	14.6280	325.0000
16.4000	16.3570	260.0000
16.0000	16.0110	150.0000
19.4000	19.3570	55.0000
13.1000	13.1890	130.0000
17.3000	17.3360	55.0000
14.6000	14.7610	135.0000
18.0000	17.9930	185.0000
13.5000	13.5920	40.0000
16.8000	16.8060	110.0000
12.3000	12.4990	275.0000
15.0000	15.0010	220.0000
14.7000	14.7590	125.0000
18.9000	18.9000	305.0000
18.2000	18.1950	315.0000
17.5000	17.5080	80.0000
18.2000	18.2090	235.0000
15.5000	15.4510	220.0000
16.1000	16.1020	60.0000
17.0000	16.9710	140.0000
13.2000	13.3730	35.0000
15.3000	15.3590	145.0000
13.4000	13.4160	210.0000
18.6000	18.5800	55.0000
17.4000	17.4240	330.0000
14.7000	14.6700	55.0000
13.6000	13.6660	180.0000
14.1000	14.0160	230.0000
13.5000	13.0960	255.0000
13.4000	13.6530	120.0000
15.8000	15.8820	285.0000
17.7000	17.7040	210.0000
17.3000	17.3100	60.0000
15.8000	15.8300	105.0000
18.0000	18.0160	160.0000
17.3000	17.2790	295.0000
13.3000	12.6300	325.0000
16.3000	16.3430	22.5000
18.2000	18.2000	320.0000
19.4000	19.3940	95.0000
17.8000	17.8510	355.0000
18.9000	18.9010	330.0000
18.2000	18.2010	190.0000
13.8000	13.4350	330.0000
15.2000	15.2390	65.0000
12.4000	12.3970	235.0000
12.3000	12.8110	50.0000
18.6000	18.5960	195.0000
14.6000	14.6760	120.0000
12.5000	12.5480	140.0000
15.9000	15.8830	85.0000
14.6000	14.5310	305.0000
18.6000	18.5820	270.0000
17.3000	17.3310	50.0000
16.6000	16.5300	355.0000
12.7000	12.4620	280.0000
15.3000	15.2380	335.0000
19.3000	19.3060	290.0000
16.5000	16.5550	210.0000
18.5000	18.4830	320.0000
14.0000	13.9840	20.0000
13.0000	12.5910	260.0000
16.8000	16.7820	260.0000
15.9000	15.8690	150.0000
14.3000	14.1850	255.0000
16.6000	16.6240	30.0000
15.1000	15.1930	210.0000
16.6000	16.5860	155.0000
18.8000	18.7860	220.0000
17.4000	17.4170	200.0000
19.2000	19.1970	235.0000
15.9000	15.9390	290.0000
19.3000	19.3010	100.0000
16.5000	16.4790	125.0000
19.0000	19.0030	70.0000
16.2000	16.2180	310.0000
13.9000	13.6060	305.0000
13.7000	13.7910	105.0000
12.5000	13.0320	70.0000
13.2000	13.4950	75.0000
19.3000	19.3000	250.0000
14.6000	14.5150	295.0000
13.8000	13.9160	45.0000
16.4000	16.4130	130.0000
14.5000	14.3610	190.0000
16.2000	16.2080	60.0000
18.1000	18.1170	75.0000
14.5000	14.3380	205.0000
15.9000	15.8110	175.0000
12.8000	12.5280	195.0000
19.0000	19.0000	180.0000
15.4000	15.4240	225.0000
15.0000	14.9260	210.0000
12.4000	12.7630	65.0000
15.2000	15.1820	50.0000
13.8000	13.8700	140.0000
14.3000	14.0860	350.0000
18.7000	18.6780	230.0000
12.2000	12.6080	85.0000
16.8000	16.7380	315.0000
13.2000	13.3380	45.0000
15.3000	15.3170	235.0000
19.0000	19.0350	40.0000
15.3000	15.2680	260.0000
13.4000	12.6030	330.0000
16.4000	16.3620	155.0000
18.7000	18.6740	280.0000
18.7000	18.7020	165.0000
13.7000	13.5600	205.0000
17.6000	17.6230	120.0000
15.7000	15.6330	175.0000
16.8000	16.8200	310.0000
19.2000	19.2010	50.0000
13.0000	12.6050	255.0000
15.3000	15.3790	90.0000
14.2000	14.2540	215.0000
18.5000	18.4950	70.0000
15.6000	15.6130	80.0000
12.0000	12.5490	340.0000
16.0000	15.9100	345.0000
16.3000	16.4320	195.0000
18.0000	17.9980	290.0000
15.2000	15.3130	120.0000
14.0000	13.7610	305.0000
13.5000	13.2820	285.0000
13.6000	13.6560	22.5000
17.8000	17.8070	180.0000
18.9000	18.9050	345.0000
14.0000	13.8540	265.0000
18.6000	18.6090	170.0000
15.2000	15.2630	230.0000
13.9000	13.5850	340.0000
19.2000	19.1980	265.0000
13.9000	13.7900	265.0000
12.1000	12.4820	320.0000
12.7000	12.9960	22.5000
19.0000	19.0020	125.0000
14.4000	14.4080	35.0000
17.1000	17.0950	250.0000
18.3000	18.2880	190.0000
12.2000	12.5710	130.0000
13.2000	12.5530	260.0000
13.2000	13.4730	60.0000
14.7000	14.5980	300.0000
13.4000	13.6490	100.0000
16.6000	16.6060	70.0000
16.5000	16.4520	160.0000
14.2000	14.1970	115.0000
14.4000	14.2140	315.0000
18.0000	18.0140	120.0000
13.6000	13.8850	75.0000
13.3000	13.1950	215.0000
14.2000	13.8480	330.0000
13.1000	13.3660	80.0000
16.7000	16.7230	260.0000
16.5000	16.4580	310.0000
19.1000	19.1000	275.0000
12.9000	12.6940	205.0000
14.6000	14.4740	335.0000
18.6000	18.6010	200.0000
15.0000	15.0250	90.0000
18.4000	18.3840	290.0000
16.0000	16.0720	130.0000
14.7000	14.6990	75.0000
15.7000	15.8140	155.0000
15.1000	15.2280	165.0000
19.1000	19.0970	290.0000
15.3000	15.3660	190.0000
13.5000	12.8310	300.0000
12.2000	12.5220	340.0000
18.6000	18.5720	245.0000
13.2000	13.0560	190.0000
18.8000	18.8050	45.0000
17.6000	17.5880	130.0000
18.7000	18.6910	190.0000
14.1000	14.1690	30.0000
14.5000	14.6630	100.0000
16.6000	16.6090	22.5000
19.2000	19.1980	270.0000
14.2000	14.2190	180.0000
18.3000	18.2860	170.0000
12.5000	12.7320	50.0000
18.5000	18.5030	85.0000
14.9000	14.8630	220.0000
15.3000	15.3670	75.0000
16.3000	16.2840	300.0000
17.8000	17.7640	125.0000
14.3000	14.2850	240.0000
15.0000	14.8850	310.0000
16.5000	16.5390	290.0000
17.1000	17.0820	240.0000
12.4000	12.4990	290.0000
15.9000	15.8890	310.0000
14.2000	14.1900	245.0000
14.8000	14.7190	280.0000
17.9000	17.8800	335.0000
17.2000	17.1580	170.0000
16.7000	16.6890	275.0000
16.8000	16.8450	210.0000
15.0000	14.9460	245.0000
17.0000	17.0190	355.0000
12.7000	12.8750	110.0000
17.4000	17.4530	50.0000
16.4000	16.3830	110.0000
13.5000	13.6510	140.0000
16.3000	16.2640	140.0000
13.8000	13.5240	245.0000
12.7000	12.5500	230.0000
13.8000	13.8680	170.0000
13.7000	13.5660	245.0000
14.1000	13.7950	320.0000
17.7000	17.6940	40.0000
14.9000	14.8680	45.0000
12.9000	12.9070	90.0000
15.0000	15.0470	120.0000
17.7000	17.7150	235.0000
18.3000	18.2800	275.0000
12.6000	12.4930	355.0000
14.2000	14.2590	140.0000
15.2000	15.1010	315.0000
16.1000	16.0170	315.0000
14.3000	14.0770	330.0000
16.3000	16.2380	295.0000
15.7000	15.7210	260.0000
15.9000	15.9600	215.0000
16.9000	16.9240	50.0000
12.6000	12.6480	150.0000
18.8000	18.8230	130.0000
16.7000	16.6880	35.0000
15.2000	15.3050	100.0000
19.4000	19.3930	300.0000
16.1000	16.1040	75.0000
15.6000	15.5050	315.0000
15.2000	15.2400	175.0000
15.4000	15.3660	85.0000
18.9000	18.8990	145.0000
18.8000	18.7980	205.0000
17.1000	17.0980	45.0000
17.8000	17.7670	300.0000
17.2000	17.1900	220.0000
14.6000	14.6800	70.0000
15.3000	15.2770	150.0000
17.9000	17.8870	250.0000
18.0000	17.9970	265.0000
12.5000	12.6070	115.0000
15.2000	15.2320	155.0000
18.9000	18.8900	275.0000
17.1000	17.1000	190.0000
17.0000	17.0300	25.0000
15.3000	15.4010	125.0000
14.0000	14.0110	110.0000
13.5000	13.5010	135.0000
15.7000	15.7140	250.0000
18.4000	18.3490	255.0000
17.1000	17.0540	270.0000
13.3000	13.3040	140.0000
14.6000	14.4590	210.0000
12.8000	12.6200	230.0000
16.3000	16.2580	330.0000
15.6000	15.7170	175.0000
13.6000	13.3080	240.0000
17.3000	17.3020	25.0000
17.3000	17.2620	305.0000
16.5000	16.5640	205.0000
18.8000	18.7970	320.0000
16.9000	16.8430	335.0000
14.3000	14.2000	250.0000
15.9000	16.0380	135.0000
17.9000	17.9140	80.0000
15.8000	15.7390	45.0000
14.9000	14.6470	330.0000
15.1000	14.9470	275.0000
17.6000	17.6230	330.0000
16.1000	16.1120	205.0000
17.7000	17.7100	65.0000
12.1000	12.5270	95.0000
12.6000	12.6430	210.0000
12.0000	12.5280	335.0000
19.4000	19.3940	290.0000
18.7000	18.6680	225.0000
17.5000	17.5350	40.0000
15.7000	15.6970	265.0000
12.4000	12.5100	310.0000
16.7000	16.7160	175.0000
17.2000	17.1730	300.0000
14.5000	14.6010	120.0000
12.3000	12.5620	170.0000
13.6000	13.2720	300.0000
15.2000	15.0950	320.0000
14.7000	14.5970	295.0000
18.6000	18.5910	80.0000
18.9000	18.9110	45.0000
19.1000	19.1020	175.0000
14.0000	13.9980	140.0000
14.9000	14.8520	340.0000
15.6000	15.5520	55.0000
17.7000	17.6870	195.0000
18.4000	18.4120	175.0000
14.8000	14.8750	120.0000
16.8000	16.7880	140.0000
16.4000	16.2880	320.0000
19.2000	19.2110	155.0000
12.6000	12.6120	225.0000
19.3000	19.3010	170.0000
17.3000	17.2860	260.0000
12.3000	12.5610	75.0000
13.4000	13.0470	230.0000
18.4000	18.3740	265.0000
14.1000	13.9970	265.0000
19.1000	19.1000	230.0000
18.5000	18.4650	55.0000
16.6000	16.5960	55.0000
16.0000	16.0550	245.0000
13.9000	13.9870	200.0000
13.8000	13.8070	215.0000
19.2000	19.2110	215.0000
13.8000	13.3510	325.0000
16.8000	16.7830	165.0000
12.9000	13.0480	60.0000
12.9000	12.4830	260.0000
18.6000	18.5890	220.0000
19.3000	19.3020	310.0000
13.4000	12.9380	355.0000
16.0000	15.9900	315.0000
17.9000	17.9010	150.0000
18.2000	18.1950	290.0000
12.4000	12.5890	165.0000
17.4000	17.4300	95.0000
17.4000	17.4250	205.0000
15.7000	15.7450	280.0000
19.0000	18.9970	330.0000
13.3000	12.7810	225.0000
17.6000	17.6930	360.0000
18.1000	18.1130	320.0000
19.2000	19.2030	205.0000
14.2000	14.1610	260.0000
18.8000	18.8040	295.0000
14.0000	14.0970	40.0000
18.2000	18.2020	260.0000
14.4000	14.5230	110.0000
15.1000	15.0910	215.0000
13.9000	14.0100	40.0000
13.8000	13.7780	210.0000
16.0000	16.0140	60.0000
18.7000	18.7740	110.0000
14.0000	14.0600	60.0000
17.2000	17.1720	350.0000
13.9000	13.9390	195.0000
13.5000	13.7410	145.0000
16.8000	16.8420	225.0000
19.2000	19.1940	275.0000
15.3000	15.3780	25.0000
18.1000	18.1880	360.0000
17.6000	17.5930	170.0000
12.1000	12.5400	240.0000
18.8000	18.8000	150.0000
17.7000	17.7120	265.0000
13.1000	12.9280	140.0000
18.7000	18.7470	350.0000
17.1000	17.0950	315.0000
16.1000	16.0970	350.0000
15.1000	15.2160	270.0000
17.1000	17.0970	135.0000
12.7000	12.8240	325.0000
13.4000	13.7110	60.0000
17.5000	17.4650	175.0000
18.3000	18.3080	155.0000
12.3000	12.6110	310.0000
16.9000	16.8830	95.0000
19.1000	19.1250	360.0000
18.7000	18.7000	150.0000
13.3000	12.8130	320.0000
15.8000	15.8380	230.0000
17.8000	17.7420	110.0000
18.8000	18.8210	115.0000
18.9000	18.8940	170.0000
16.0000	16.0070	250.0000
15.1000	15.1540	245.0000
18.4000	18.4090	180.0000
13.5000	13.5410	165.0000
16.1000	16.1240	285.0000
15.9000	15.9070	205.0000
18.4000	18.3930	335.0000
18.0000	18.0150	40.0000
15.1000	14.9800	295.0000
13.2000	13.3030	20.0000
17.3000	17.2930	120.0000
14.3000	14.0290	340.0000
12.1000	12.6380	40.0000
12.5000	12.7860	20.0000
17.0000	17.0430	325.0000
18.4000	18.3900	195.0000
16.4000	16.3050	340.0000
17.3000	17.2650	285.0000
18.1000	18.1210	65.0000
14.8000	14.8040	180.0000
15.4000	15.4760	115.0000
18.3000	18.2890	210.0000
13.2000	13.2260	80.0000
14.9000	14.9630	80.0000
15.4000	15.3230	45.0000
13.4000	12.5980	345.0000
17.2000	17.2420	100.0000
14.1000	13.9940	250.0000
15.6000	15.6720	125.0000
19.0000	19.0000	255.0000
14.9000	14.8910	85.0000
18.5000	18.5250	355.0000
16.7000	16.6900	90.0000
18.5000	18.4690	270.0000
15.2000	15.2370	215.0000
17.4000	17.3980	195.0000
12.8000	12.5960	200.0000
17.8000	17.7980	165.0000
16.7000	16.6890	170.0000
16.4000	16.4560	195.0000
13.8000	13.9060	135.0000
19.1000	19.1010	165.0000
17.6000	17.5980	230.0000
15.7000	15.6630	305.0000
15.0000	15.0390	100.0000
17.0000	16.9580	145.0000
13.5000	13.1560	290.0000
17.6000	17.6250	240.0000
19.1000	19.1020	90.0000
12.3000	12.4500	195.0000
19.3000	19.3010	240.0000
17.8000	17.8180	60.0000
18.1000	18.1070	125.0000
16.2000	16.2490	30.0000
15.0000	14.7900	355.0000
13.2000	13.2330	160.0000
12.0000	12.7290	45.0000
13.3000	12.8990	205.0000
14.6000	14.6010	40.0000
13.6000	13.7140	65.0000
12.5000	12.8030	90.0000
19.1000	19.1050	320.0000
13.5000	13.3900	205.0000
13.2000	12.6700	285.0000
18.9000	18.8980	215.0000
15.8000	15.8760	180.0000
12.4000	12.4870	160.0000
15.7000	15.6570	70.0000
13.9000	13.6050	310.0000
16.0000	15.9540	90.0000
17.7000	17.6990	130.0000
14.8000	14.7040	315.0000
15.3000	15.4040	110.0000
16.4000	16.4620	215.0000
19.2000	19.2070	195.0000
19.4000	19.3960	125.0000
14.1000	14.0750	120.0000
13.1000	12.9440	180.0000
17.4000	17.4160	210.0000
17.4000	17.3830	300.0000
17.2000	17.1970	225.0000
13.4000	13.0410	335.0000
19.0000	18.9990	250.0000
12.1000	12.4520	325.0000
14.8000	14.7940	230.0000
13.3000	13.1290	250.0000
17.1000	17.0860	200.0000
13.6000	13.7490	60.0000
14.1000	14.1730	175.0000
19.1000	19.1910	35.0000
15.6000	15.5710	45.0000
16.4000	16.3860	100.0000
15.8000	15.8930	185.0000
15.0000	14.8580	340.0000
15.8000	15.7260	70.0000
13.5000	13.3750	230.0000
12.5000	12.5050	325.0000
14.8000	14.9240	190.0000
13.2000	12.9240	245.0000
17.6000	17.5750	90.0000
15.8000	15.8350	125.0000
15.1000	15.0990	95.0000
17.7000	17.6810	190.0000
13.1000	12.5290	275.0000
17.1000	17.0850	150.0000
13.3000	13.3450	185.0000
17.8000	17.7970	200.0000
12.4000	12.4720	250.0000
13.0000	12.5400	300.0000
15.4000	15.3440	50.0000
13.0000	12.5940	275.0000
16.9000	16.9930	20.0000
15.1000	15.1990	115.0000
19.2000	19.2000	225.0000
13.7000	13.4790	230.0000
14.6000	14.6630	175.0000
18.1000	18.0970	255.0000
16.7000	16.6660	140.0000
16.2000	16.2650	210.0000
17.1000	17.0560	295.0000
12.4000	12.5810	215.0000
16.3000	16.2460	360.0000
16.9000	16.9040	230.0000
18.9000	18.8960	220.0000
14.4000	14.4090	100.0000
16.0000	16.0620	185.0000
15.8000	15.8360	170.0000
16.1000	16.1050	40.0000
14.1000	14.2330	60.0000
16.6000	16.6700	250.0000
12.1000	12.4950	190.0000
19.0000	19.0340	45.0000
15.7000	15.6500	105.0000
12.8000	12.5860	310.0000
15.8000	15.8350	115.0000
16.3000	16.4060	190.0000
16.9000	16.8480	330.0000
18.1000	18.0900	175.0000
15.9000	15.9240	25.0000
15.9000	15.8850	70.0000
17.6000	17.6110	100.0000
15.4000	15.4470	185.0000
14.0000	13.9720	145.0000
18.6000	18.5600	40.0000
13.0000	12.4620	340.0000
16.8000	16.8540	90.0000
12.3000	12.5540	245.0000
15.0000	15.0160	295.0000
17.1000	17.0970	115.0000
18.8000	18.8190	355.0000
13.9000	14.0330	120.0000
13.5000	13.7300	50.0000
13.4000	13.1250	205.0000
12.8000	12.7090	145.0000
15.2000	15.2410	250.0000
17.3000	17.3180	75.0000
13.8000	13.2320	315.0000
14.9000	15.0170	130.0000
14.1000	14.1860	75.0000
18.5000	18.4770	290.0000
18.1000	18.1030	115.0000
12.8000	13.4190	35.0000
17.2000	17.1820	230.0000
16.5000	16.5000	65.0000
15.6000	15.5870	260.0000
17.3000	17.2980	340.0000
13.8000	13.7140	225.0000
15.5000	15.5030	335.0000
12.4000	12.9410	85.0000
14.3000	14.3920	205.0000
13.9000	13.9840	22.5000
16.0000	16.0290	240.0000
18.1000	18.0960	145.0000
15.7000	15.6360	335.0000
15.6000	15.6340	120.0000
14.6000	14.7410	95.0000
14.3000	14.2670	55.0000
17.8000	17.8010	275.0000
17.5000	17.5320	55.0000
14.1000	14.1690	170.0000
18.8000	18.7730	265.0000
14.5000	14.3650	325.0000
14.8000	14.8030	85.0000
15.4000	15.3710	235.0000
14.9000	14.9080	230.0000
14.2000	13.8290	360.0000
16.9000	16.9800	360.0000
12.7000	12.9860	105.0000
15.9000	15.9140	260.0000
16.1000	16.1120	325.0000
18.4000	18.2520	20.0000
18.3000	18.2810	195.0000
17.2000	17.2070	210.0000
16.8000	16.7720	130.0000
18.3000	18.2800	50.0000
17.6000	17.6310	55.0000
16.1000	16.1640	270.0000
14.5000	14.5770	30.0000
16.3000	16.2440	325.0000
17.1000	17.1030	305.0000
14.0000	13.9150	245.0000
15.5000	15.5640	205.0000
19.2000	19.2000	350.0000
15.7000	15.7050	255.0000
14.6000	14.4180	355.0000
19.1000	19.0960	235.0000
16.7000	16.7230	165.0000
14.9000	14.8540	275.0000
15.2000	15.2810	90.0000
16.7000	16.6470	325.0000
15.8000	15.8260	345.0000
12.4000	12.9280	30.0000
18.0000	17.9770	235.0000
18.5000	18.5100	140.0000
14.2000	14.2400	85.0000
15.2000	15.3370	30.0000
17.2000	17.1990	200.0000
13.3000	13.4320	60.0000
14.1000	13.7940	345.0000
16.2000	16.2080	165.0000
15.2000	15.2310	135.0000
15.3000	15.2410	270.0000
12.8000	12.6270	180.0000
18.2000	18.2090	60.0000
19.4000	19.4000	275.0000
14.6000	14.6000	245.0000
12.0000	12.6420	200.0000
15.6000	15.5100	320.0000
18.2000	18.1970	245.0000
15.4000	15.5180	20.0000
14.0000	14.0090	115.0000
15.8000	15.8760	175.0000
15.8000	15.7580	325.0000
18.4000	18.4020	65.0000
13.4000	13.1860	295.0000
16.1000	16.1300	115.0000
18.1000	18.1060	225.0000
16.8000	16.8190	45.0000
18.4000	18.4100	170.0000
18.3000	18.3250	100.0000
15.9000	15.8790	240.0000
15.4000	15.4930	22.5000
17.7000	17.6780	295.0000
13.4000	13.1980	300.0000
12.4000	12.5720	300.0000
14.1000	13.8380	305.0000
19.4000	19.4000	320.0000
16.1000	16.1110	230.0000
12.3000	12.7870	22.5000
14.4000	14.2690	290.0000
13.7000	13.5270	255.0000
17.3000	17.2650	320.0000
14.8000	14.9040	220.0000
19.2000	19.1980	250.0000
17.9000	17.8960	210.0000
15.7000	15.7980	180.0000
14.8000	14.9060	105.0000
19.3000	19.3010	215.0000
15.8000	15.7670	50.0000
15.6000	15.5020	325.0000
16.7000	16.6680	115.0000
17.8000	17.7850	130.0000
17.5000	17.4920	250.0000
12.6000	12.7470	95.0000
12.1000	12.9840	25.0000
16.0000	15.9540	155.0000
13.8000	12.9470	350.0000
12.9000	13.0030	160.0000
12.4000	12.4100	245.0000
18.9000	18.8990	290.0000
14.8000	14.8220	185.0000
17.2000	17.1980	205.0000
13.3000	12.8180	295.0000
14.2000	14.3110	200.0000
12.0000	12.4810	155.0000
17.8000	17.8010	120.0000
18.3000	18.3220	105.0000
19.4000	19.3980	115.0000
17.6000	17.5950	200.0000
14.8000	14.7150	165.0000
12.8000	12.9290	125.0000
16.1000	16.1340	160.0000
18.8000	18.7790	230.0000
14.0000	13.9460	200.0000
13.1000	13.0660	150.0000
13.0000	13.0340	55.0000
18.1000	18.0840	275.0000
15.2000	15.1350	305.0000
16.3000	16.3560	270.0000
13.0000	13.0890	40.0000
19.3000	19.2930	155.0000
17.4000	17.4450	35.0000
16.9000	16.9240	235.0000
17.2000	17.1730	190.0000
12.7000	12.5170	240.0000
12.2000	12.7460	22.5000
14.2000	14.2130	50.0000
15.3000	15.1820	55.0000
17.7000	17.7070	22.5000
14.3000	14.1150	335.0000
13.2000	13.3120	200.0000
18.3000	18.2890	175.0000
18.8000	18.8070	300.0000
16.5000	16.5560	35.0000
19.0000	19.0110	355.0000
16.2000	16.1440	330.0000
13.4000	12.8820	265.0000
15.3000	15.4140	105.0000
13.0000	12.5680	285.0000
13.1000	12.6470	285.0000
16.5000	16.4260	325.0000
17.5000	17.5560	125.0000
17.8000	17.8150	100.0000
12.3000	12.5010	105.0000
16.6000	16.5790	150.0000
18.8000	18.8190	120.0000
17.2000	17.1510	90.0000
15.5000	15.6190	150.0000
17.2000	17.1790	270.0000
16.6000	16.6350	240.0000
15.3000	15.2750	45.0000
17.4000	17.4100	235.0000
13.7000	13.7620	22.5000
16.2000	16.2120	340.0000
18.9000	18.9110	335.0000
12.7000	12.6100	310.0000
15.1000	15.0780	320.0000
16.6000	16.5770	105.0000
12.9000	12.7720	250.0000
14.5000	14.4980	220.0000
16.3000	16.3280	50.0000
16.3000	16.1730	345.0000
12.0000	12.6030	160.0000
16.9000	16.8920	105.0000
15.6000	15.5270	265.0000
14.1000	14.0930	235.0000
16.5000	16.4950	75.0000
13.1000	12.8070	205.0000
17.7000	17.7040	180.0000
17.4000	17.4600	40.0000
18.3000	18.3020	340.0000
13.5000	12.7380	335.0000
19.4000	19.3990	335.0000
17.3000	17.2870	175.0000
18.0000	18.0160	85.0000
12.5000	12.5520	260.0000
12.4000	12.5530	335.0000
18.8000	18.7720	270.0000
17.9000	17.9380	50.0000
18.7000	18.7150	125.0000
15.1000	15.1170	90.0000
15.6000	15.5540	300.0000
14.5000	14.5260	160.0000
13.8000	13.8400	25.0000
15.7000	15.7850	245.0000
18.4000	18.3830	330.0000
18.2000	18.2330	80.0000
18.1000	18.0940	190.0000
12.1000	12.4500	335.0000
18.1000	18.1070	325.0000
13.0000	12.5830	200.0000
14.7000	14.8140	180.0000
19.2000	19.1990	340.0000
17.8000	17.7810	290.0000
16.8000	16.7900	335.0000
13.2000	13.0430	255.0000
17.9000	17.9240	60.0000
14.4000	14.5400	120.0000
14.2000	14.2220	30.0000
16.0000	16.0010	50.0000
18.0000	17.9840	230.0000
17.3000	17.3630	35.0000
12.2000	12.6360	200.0000
13.6000	13.4290	250.0000
13.6000	13.7130	85.0000
12.1000	12.5060	225.0000
18.0000	18.0130	75.0000
18.1000	18.0930	245.0000
16.3000	16.2790	35.0000
16.0000	15.9620	340.0000
12.7000	12.7640	100.0000
12.4000	12.5850	145.0000
12.8000	12.4620	220.0000
19.3000	19.2810	40.0000
16.0000	15.9940	70.0000
15.6000	15.6050	25.0000
12.5000	12.4720	345.0000
19.1000	19.0990	265.0000
13.4000	13.2970	170.0000
17.7000	17.6660	275.0000
16.9000	16.9160	195.0000
16.4000	16.3540	325.0000
13.1000	13.2210	95.0000
18.0000	17.9590	260.0000
12.0000	12.4840	225.0000
15.0000	14.8230	305.0000
13.9000	13.4470	355.0000
12.6000	12.4610	175.0000
15.6000	15.6110	195.0000
12.1000	12.8810	90.0000
16.3000	16.2390	340.0000
17.6000	17.6090	255.0000
19.2000	19.2230	110.0000
18.8000	18.8080	90.0000
16.8000	16.8050	100.0000
16.8000	16.7890	135.0000
15.6000	15.6760	180.0000
12.1000	12.4840	355.0000
19.2000	19.2220	85.0000
12.1000	12.5620	65.0000
16.2000	16.1810	115.0000
17.4000	17.3920	170.0000
18.0000	17.9750	22.5000
13.1000	13.2930	125.0000
16.6000	16.5650	320.0000
