True_LogN	Predicted_LogN	True_Tex
13.4000	13.9040	290.0000
18.8000	18.8140	180.0000
16.7000	16.7270	125.0000
12.8000	13.8370	25.0000
12.7000	13.8080	275.0000
19.2000	19.1700	90.0000
16.9000	17.0200	45.0000
17.8000	17.6530	335.0000
16.7000	16.8450	40.0000
17.9000	18.0020	215.0000
12.8000	14.3150	110.0000
17.1000	17.0920	125.0000
15.2000	14.0680	240.0000
16.4000	16.5040	170.0000
12.5000	13.8790	105.0000
12.6000	13.9440	105.0000
15.2000	14.6130	40.0000
18.6000	18.5750	320.0000
15.3000	13.9370	200.0000
12.1000	13.6570	340.0000
13.6000	13.8040	260.0000
17.5000	17.4800	150.0000
19.1000	19.1100	115.0000
12.0000	14.0230	40.0000
16.6000	16.6970	145.0000
14.3000	13.5620	100.0000
17.0000	17.0430	165.0000
17.8000	17.6970	175.0000
17.7000	17.7540	105.0000
18.3000	18.3110	345.0000
18.2000	18.1880	345.0000
13.5000	13.6280	240.0000
13.5000	13.6300	160.0000
14.8000	13.6060	250.0000
17.5000	17.3120	360.0000
12.4000	13.8990	320.0000
17.7000	17.7690	80.0000
14.8000	13.9870	135.0000
12.5000	13.7180	240.0000
16.8000	16.6050	205.0000
13.7000	13.7340	35.0000
13.8000	13.7470	80.0000
19.2000	19.2080	290.0000
16.4000	15.6700	330.0000
14.6000	13.8260	140.0000
16.0000	16.4340	75.0000
19.0000	18.9840	345.0000
13.6000	13.6220	235.0000
17.5000	17.2690	310.0000
15.5000	15.2400	125.0000
17.1000	17.1910	35.0000
13.0000	13.6570	230.0000
17.1000	17.1020	120.0000
17.9000	18.0380	205.0000
12.4000	13.6890	265.0000
16.7000	16.7700	45.0000
12.7000	13.7030	65.0000
15.6000	16.2030	65.0000
17.4000	17.3240	155.0000
18.4000	18.5120	70.0000
18.7000	18.6570	285.0000
16.0000	13.9670	320.0000
18.2000	18.1890	55.0000
19.2000	19.2060	175.0000
14.4000	13.6940	340.0000
12.7000	13.6420	360.0000
14.4000	14.0590	205.0000
12.2000	13.7550	75.0000
17.0000	16.8560	200.0000
18.8000	18.7280	290.0000
14.6000	13.8640	195.0000
17.0000	17.0070	190.0000
12.8000	13.8260	275.0000
13.0000	13.9420	75.0000
16.1000	15.6700	200.0000
14.5000	13.8310	235.0000
17.6000	17.6260	235.0000
18.3000	18.2760	300.0000
16.4000	16.2230	240.0000
17.5000	17.5470	20.0000
14.9000	13.8490	100.0000
13.5000	13.5870	35.0000
17.1000	17.2310	130.0000
14.6000	13.7450	90.0000
15.6000	13.6000	170.0000
15.1000	14.3380	315.0000
12.6000	14.1850	200.0000
15.8000	14.8470	260.0000
12.6000	14.0560	135.0000
14.4000	13.7390	325.0000
18.7000	18.6490	345.0000
16.6000	16.7920	120.0000
18.5000	18.5640	115.0000
16.7000	16.7520	20.0000
18.4000	18.0800	30.0000
15.9000	14.0800	300.0000
17.6000	17.6080	60.0000
15.6000	14.0850	250.0000
14.7000	13.8330	350.0000
13.8000	13.7980	110.0000
14.9000	13.6880	295.0000
18.0000	17.9090	150.0000
18.0000	17.9940	325.0000
14.7000	14.1630	165.0000
13.5000	13.9680	20.0000
16.5000	16.6850	55.0000
16.8000	16.7740	185.0000
13.8000	13.6420	205.0000
15.4000	15.2810	75.0000
17.5000	17.5420	180.0000
12.2000	13.8160	40.0000
13.3000	14.1250	235.0000
17.0000	16.7010	305.0000
18.0000	18.0890	215.0000
17.7000	17.5380	350.0000
15.2000	14.3200	105.0000
12.2000	14.4110	115.0000
13.5000	13.6580	115.0000
12.0000	14.1400	345.0000
12.8000	13.8330	170.0000
18.4000	18.1620	40.0000
17.7000	17.7030	310.0000
17.6000	17.3930	355.0000
12.9000	14.1060	245.0000
12.1000	13.5280	230.0000
14.4000	14.1320	90.0000
13.9000	13.8860	50.0000
14.3000	13.9200	35.0000
12.0000	14.1100	305.0000
18.6000	18.6690	95.0000
18.8000	18.8330	155.0000
12.2000	13.7520	290.0000
13.1000	13.5050	330.0000
14.3000	13.6170	170.0000
18.7000	18.6610	235.0000
18.5000	18.5680	100.0000
14.9000	13.9390	55.0000
12.6000	13.5580	320.0000
14.8000	14.0750	320.0000
17.2000	17.2670	155.0000
12.0000	13.8210	355.0000
15.7000	13.8350	290.0000
18.1000	18.0460	135.0000
18.0000	18.1080	195.0000
15.9000	16.0530	90.0000
14.4000	13.6980	80.0000
13.2000	14.4140	350.0000
14.7000	13.7500	255.0000
17.2000	17.1490	255.0000
12.4000	13.7680	50.0000
14.9000	13.8940	195.0000
15.5000	13.8000	300.0000
15.1000	14.3220	180.0000
14.8000	13.7270	290.0000
13.9000	13.9380	20.0000
17.5000	17.4690	195.0000
12.4000	14.2360	200.0000
12.5000	13.9090	255.0000
12.3000	14.3380	110.0000
18.4000	18.3790	285.0000
15.3000	15.1110	100.0000
13.3000	13.6650	25.0000
13.1000	13.6420	235.0000
18.6000	18.5840	255.0000
13.7000	13.5990	315.0000
13.4000	13.8430	275.0000
14.6000	13.7200	315.0000
17.2000	16.7180	290.0000
16.9000	16.9260	30.0000
13.6000	14.4950	285.0000
16.1000	16.3860	125.0000
14.5000	14.4280	170.0000
17.5000	17.5130	140.0000
18.5000	18.4440	265.0000
19.3000	19.2710	120.0000
12.3000	13.4950	35.0000
15.0000	13.8920	135.0000
18.1000	18.1250	180.0000
12.6000	13.5210	345.0000
12.8000	13.9190	355.0000
18.8000	18.8340	35.0000
12.9000	13.8250	230.0000
12.9000	13.7150	55.0000
15.7000	14.2880	350.0000
13.3000	14.3260	90.0000
12.5000	13.6410	175.0000
17.4000	17.3740	115.0000
16.0000	14.2220	305.0000
14.5000	14.1880	295.0000
16.0000	15.0600	350.0000
15.5000	13.9650	165.0000
18.5000	18.5070	170.0000
12.9000	13.7350	240.0000
17.0000	16.6710	335.0000
12.9000	13.8740	325.0000
19.4000	19.3620	360.0000
12.1000	14.6740	345.0000
16.4000	16.3560	25.0000
14.1000	13.8790	315.0000
17.1000	17.1930	75.0000
13.1000	13.7380	210.0000
13.4000	13.7230	115.0000
16.0000	14.5250	295.0000
16.8000	16.7460	240.0000
12.8000	13.7310	80.0000
12.3000	14.0780	45.0000
13.8000	13.8030	300.0000
18.7000	18.7150	145.0000
13.4000	14.1510	65.0000
17.2000	17.3350	40.0000
13.2000	14.1380	230.0000
16.7000	16.7620	130.0000
16.2000	16.0600	140.0000
12.7000	13.5070	90.0000
12.6000	14.1530	360.0000
19.0000	19.0090	215.0000
13.8000	14.1630	22.5000
17.0000	17.1920	45.0000
17.9000	17.9090	245.0000
13.8000	13.6730	320.0000
12.4000	13.7970	45.0000
16.8000	15.6670	360.0000
18.5000	18.4740	310.0000
14.2000	13.9930	130.0000
15.6000	14.6680	205.0000
13.7000	13.5490	110.0000
13.0000	13.5970	105.0000
13.9000	14.3660	85.0000
16.5000	16.3920	260.0000
12.7000	13.8400	145.0000
18.4000	18.3790	135.0000
16.4000	16.6640	150.0000
15.5000	13.7040	230.0000
12.8000	13.4450	235.0000
19.2000	19.1740	330.0000
12.3000	13.7750	150.0000
15.3000	14.7020	80.0000
17.8000	17.6780	310.0000
17.6000	17.6210	65.0000
16.2000	13.9540	345.0000
15.1000	14.1420	105.0000
18.7000	18.6660	70.0000
14.3000	13.8770	30.0000
16.5000	16.6660	50.0000
17.8000	17.7720	295.0000
18.1000	18.1090	280.0000
18.9000	18.9000	190.0000
13.5000	13.7700	180.0000
17.8000	17.9070	260.0000
13.9000	13.8600	60.0000
18.5000	18.5470	65.0000
18.0000	18.0740	50.0000
14.3000	14.1630	195.0000
19.2000	19.2350	165.0000
12.9000	13.9830	100.0000
16.0000	16.2870	35.0000
16.6000	16.0850	290.0000
12.9000	14.0820	195.0000
12.9000	14.1650	145.0000
13.1000	13.8190	85.0000
18.2000	18.2280	215.0000
12.0000	14.5140	245.0000
18.9000	18.9000	95.0000
15.3000	13.7670	120.0000
14.5000	14.6450	35.0000
14.9000	14.1470	110.0000
19.4000	19.3770	165.0000
14.7000	13.9570	320.0000
16.3000	16.0370	205.0000
15.2000	14.0640	200.0000
18.7000	18.6380	45.0000
17.9000	17.9560	275.0000
19.4000	19.3690	135.0000
15.1000	13.7950	250.0000
12.3000	13.8420	295.0000
12.2000	13.7540	250.0000
17.9000	17.8620	65.0000
16.9000	16.9900	145.0000
16.6000	16.1240	295.0000
14.6000	13.6850	160.0000
14.0000	13.7690	340.0000
18.1000	18.0470	150.0000
15.2000	13.9780	295.0000
12.0000	13.7350	350.0000
15.3000	15.5340	60.0000
16.6000	16.7230	50.0000
17.5000	17.4580	265.0000
17.5000	17.5310	205.0000
18.4000	18.3840	200.0000
17.3000	17.4280	70.0000
12.7000	13.6950	305.0000
14.3000	13.9660	25.0000
19.0000	18.9830	295.0000
18.6000	18.5440	330.0000
16.7000	16.7140	185.0000
15.3000	13.8910	245.0000
14.1000	13.6540	130.0000
14.0000	13.6090	185.0000
13.3000	13.5880	280.0000
17.7000	17.5190	315.0000
15.0000	15.0540	22.5000
17.5000	17.5280	130.0000
12.5000	13.9090	270.0000
17.2000	17.3140	65.0000
19.3000	19.2850	295.0000
12.9000	13.6320	80.0000
17.9000	17.9280	285.0000
13.3000	13.7170	330.0000
15.6000	13.8350	350.0000
15.5000	13.8440	305.0000
14.1000	13.9250	70.0000
14.9000	13.6010	115.0000
16.0000	14.5930	215.0000
19.1000	19.1260	155.0000
17.5000	17.5060	255.0000
13.8000	13.6910	360.0000
19.4000	19.3280	70.0000
16.4000	16.5030	185.0000
16.1000	14.0390	345.0000
18.9000	18.8840	225.0000
17.2000	17.0220	315.0000
17.9000	17.8960	165.0000
12.0000	13.6130	290.0000
15.7000	14.2280	345.0000
17.1000	16.8200	335.0000
16.9000	17.0040	110.0000
13.3000	14.1570	135.0000
13.6000	13.6730	145.0000
19.3000	19.2870	55.0000
17.6000	17.6320	245.0000
12.7000	14.0990	235.0000
13.4000	13.6270	350.0000
18.8000	18.8630	360.0000
18.9000	18.9010	200.0000
12.2000	13.9010	145.0000
13.6000	14.4440	265.0000
17.0000	17.0790	175.0000
13.1000	14.3320	60.0000
16.2000	15.9460	205.0000
12.3000	14.4170	190.0000
15.3000	13.7420	240.0000
16.6000	16.7610	170.0000
13.9000	13.7660	135.0000
17.1000	17.1320	22.5000
16.4000	16.2850	180.0000
17.9000	17.8220	270.0000
18.9000	18.8860	245.0000
18.7000	18.8170	360.0000
13.9000	13.7670	210.0000
17.1000	16.9680	275.0000
12.4000	13.9210	115.0000
15.9000	16.4390	80.0000
16.1000	14.1660	360.0000
18.1000	18.1410	55.0000
12.5000	13.7120	305.0000
13.9000	13.9990	245.0000
16.9000	17.0080	55.0000
18.7000	18.5980	55.0000
18.4000	18.2990	315.0000
15.6000	14.5410	135.0000
15.3000	14.0990	305.0000
14.3000	13.5790	115.0000
15.4000	14.7280	280.0000
13.5000	14.0350	345.0000
16.5000	15.7510	340.0000
14.5000	13.6550	230.0000
19.1000	19.0840	295.0000
18.7000	18.5940	30.0000
13.4000	14.2360	200.0000
14.0000	13.7810	235.0000
18.8000	18.2740	20.0000
14.9000	14.0400	315.0000
17.9000	17.9000	70.0000
17.1000	17.0460	255.0000
14.0000	13.7580	210.0000
19.3000	18.2340	20.0000
13.0000	13.7130	240.0000
13.0000	14.5010	180.0000
13.1000	14.4090	35.0000
14.9000	13.8980	350.0000
12.3000	14.3690	175.0000
15.4000	14.0700	205.0000
17.0000	16.5520	350.0000
12.6000	14.3860	170.0000
13.3000	13.5710	105.0000
13.0000	13.7760	250.0000
16.2000	14.3990	290.0000
16.8000	16.5330	340.0000
17.5000	17.5170	95.0000
18.9000	18.8790	265.0000
15.6000	13.7820	295.0000
15.5000	14.9420	130.0000
15.1000	14.6510	30.0000
12.5000	13.8760	155.0000
12.8000	13.6910	225.0000
18.9000	18.9670	105.0000
17.4000	16.9300	340.0000
13.5000	13.6150	120.0000
17.8000	17.8230	75.0000
12.6000	13.8050	290.0000
14.6000	13.6690	280.0000
13.6000	13.8550	290.0000
12.4000	13.6830	210.0000
14.5000	14.2790	75.0000
18.4000	18.2110	35.0000
13.0000	13.8340	345.0000
13.2000	14.1920	195.0000
13.5000	13.7870	130.0000
14.1000	13.8210	190.0000
15.1000	13.9390	205.0000
16.3000	15.2760	280.0000
12.1000	13.6500	265.0000
14.4000	13.7750	345.0000
15.8000	13.7350	200.0000
17.2000	17.2270	250.0000
13.9000	14.2630	175.0000
16.3000	16.2600	175.0000
16.6000	16.4360	270.0000
16.2000	15.0280	260.0000
16.0000	16.3030	45.0000
15.1000	14.2150	335.0000
12.4000	13.6970	55.0000
14.5000	13.7100	105.0000
13.3000	13.7240	290.0000
17.5000	17.5070	240.0000
12.8000	13.7490	160.0000
15.8000	16.0580	25.0000
17.8000	17.7510	145.0000
17.2000	17.2070	30.0000
12.6000	13.6720	205.0000
15.2000	13.7680	160.0000
18.4000	18.1080	25.0000
13.6000	13.8150	20.0000
13.8000	14.0630	130.0000
16.6000	16.9390	75.0000
12.2000	14.1130	270.0000
13.1000	13.7210	335.0000
15.4000	14.6940	105.0000
17.4000	17.4050	140.0000
17.6000	17.6110	225.0000
12.0000	13.6500	180.0000
13.7000	14.2170	355.0000
19.2000	19.1890	40.0000
15.7000	14.2910	205.0000
15.3000	13.7240	320.0000
12.6000	13.6750	245.0000
15.9000	16.3550	55.0000
16.1000	16.1910	130.0000
19.1000	19.0450	50.0000
12.3000	13.6110	210.0000
13.7000	13.7650	185.0000
12.0000	14.4220	300.0000
13.9000	14.0750	250.0000
13.8000	14.0600	125.0000
17.3000	17.2480	290.0000
13.5000	13.6930	295.0000
16.3000	15.6270	245.0000
15.6000	14.0260	145.0000
18.4000	18.4430	295.0000
17.6000	17.7930	190.0000
18.2000	18.2200	285.0000
19.4000	19.3900	215.0000
13.0000	13.8750	235.0000
12.7000	13.7960	245.0000
17.3000	17.3430	170.0000
18.7000	18.6540	295.0000
16.0000	15.5930	170.0000
18.9000	18.8780	315.0000
14.8000	14.2530	295.0000
19.2000	19.2120	115.0000
14.6000	13.8460	165.0000
19.3000	19.3030	270.0000
19.1000	19.1070	190.0000
16.4000	16.5870	75.0000
15.6000	14.7090	130.0000
12.9000	13.6930	120.0000
12.6000	14.3020	115.0000
12.7000	13.6130	270.0000
16.5000	16.6660	40.0000
14.1000	14.1970	280.0000
19.3000	18.4390	25.0000
14.6000	14.0630	200.0000
15.2000	13.6990	280.0000
16.2000	14.6770	265.0000
19.1000	19.1300	145.0000
15.3000	13.7550	175.0000
14.3000	14.3180	310.0000
12.4000	14.6990	70.0000
15.6000	14.3750	305.0000
16.5000	15.4400	330.0000
13.9000	13.7880	65.0000
13.8000	13.6460	345.0000
15.3000	13.6980	230.0000
18.6000	18.5910	290.0000
16.3000	16.3930	125.0000
17.8000	17.7050	35.0000
15.0000	13.7010	145.0000
16.9000	16.7190	280.0000
17.1000	17.1540	205.0000
19.2000	19.2720	180.0000
17.2000	17.1640	240.0000
12.0000	13.6570	270.0000
18.4000	18.4300	125.0000
16.4000	16.1210	280.0000
17.5000	17.4550	245.0000
15.1000	13.7770	160.0000
14.2000	13.7010	340.0000
16.2000	15.3200	270.0000
17.2000	17.1320	135.0000
12.9000	13.8780	215.0000
17.4000	17.0030	315.0000
18.2000	18.1610	335.0000
18.3000	18.3070	125.0000
14.4000	13.6850	190.0000
16.3000	15.5070	315.0000
19.1000	19.0690	325.0000
16.5000	15.7540	360.0000
19.4000	19.3600	105.0000
18.2000	18.2030	125.0000
13.2000	13.7100	100.0000
13.8000	13.7470	105.0000
14.5000	13.7610	50.0000
14.7000	13.7940	210.0000
17.4000	17.4530	250.0000
17.9000	17.8770	135.0000
15.5000	14.2760	210.0000
18.3000	18.3140	95.0000
17.4000	17.4130	165.0000
12.8000	13.8420	215.0000
15.6000	13.8670	345.0000
14.3000	13.8580	155.0000
13.8000	13.6070	260.0000
17.5000	17.3000	345.0000
14.7000	13.7680	335.0000
13.5000	13.8890	350.0000
18.7000	18.6420	290.0000
17.4000	17.3710	125.0000
15.5000	13.7110	180.0000
14.0000	14.4720	85.0000
14.9000	13.6810	260.0000
17.0000	16.9000	20.0000
16.4000	16.4140	22.5000
19.3000	19.2030	45.0000
13.8000	13.7180	230.0000
17.8000	17.9480	215.0000
13.7000	13.9310	340.0000
15.6000	13.7310	220.0000
14.5000	14.1550	60.0000
18.1000	18.0780	90.0000
19.4000	19.3530	75.0000
17.4000	17.5290	75.0000
15.4000	13.7970	305.0000
18.2000	18.2180	115.0000
18.0000	17.9860	70.0000
12.3000	14.0300	250.0000
18.6000	18.5960	165.0000
14.4000	14.0450	75.0000
16.2000	14.1920	350.0000
13.0000	13.8470	335.0000
14.4000	13.7610	140.0000
12.7000	14.3700	40.0000
16.7000	16.2600	345.0000
12.8000	13.5800	320.0000
18.7000	18.6420	260.0000
18.7000	18.6610	240.0000
14.1000	14.3680	210.0000
18.6000	18.5940	60.0000
15.3000	13.6960	215.0000
16.7000	16.6670	220.0000
14.4000	13.8210	230.0000
13.8000	13.7910	310.0000
13.4000	14.3490	25.0000
15.7000	13.7910	220.0000
18.1000	18.1500	70.0000
13.9000	13.7760	350.0000
18.8000	18.8170	330.0000
12.0000	13.8740	80.0000
12.3000	14.3750	290.0000
15.5000	13.8180	360.0000
14.5000	13.8250	90.0000
17.0000	17.0630	150.0000
12.0000	13.6210	325.0000
14.1000	14.1990	35.0000
15.9000	16.1530	125.0000
15.5000	13.5940	290.0000
16.1000	14.9080	240.0000
16.5000	16.4820	165.0000
15.1000	15.0270	70.0000
16.2000	15.6100	220.0000
17.3000	17.1710	280.0000
14.7000	13.6710	115.0000
15.7000	13.8210	325.0000
17.0000	17.1230	120.0000
18.5000	18.4730	255.0000
13.3000	13.7160	340.0000
12.8000	14.0180	130.0000
15.8000	13.8780	360.0000
14.0000	13.7000	45.0000
13.5000	13.8720	105.0000
17.7000	17.6390	165.0000
17.4000	17.2660	305.0000
14.6000	14.1640	100.0000
15.5000	14.2010	260.0000
15.1000	13.8000	110.0000
13.2000	13.7200	180.0000
13.8000	13.6230	250.0000
12.0000	13.6370	35.0000
16.5000	16.6160	170.0000
13.2000	13.8310	305.0000
14.0000	13.7540	180.0000
16.9000	16.6510	275.0000
15.8000	16.0480	65.0000
13.7000	13.7130	270.0000
14.7000	13.6060	50.0000
18.2000	18.1890	265.0000
12.6000	14.1380	75.0000
13.1000	13.5120	65.0000
19.2000	19.1860	320.0000
18.4000	18.4120	235.0000
17.4000	17.3650	270.0000
18.9000	18.9250	100.0000
12.0000	13.5960	190.0000
17.5000	17.5060	75.0000
17.8000	17.8780	90.0000
12.9000	13.7510	155.0000
15.4000	16.1370	25.0000
17.3000	17.2540	110.0000
14.7000	14.7320	35.0000
15.1000	14.3670	345.0000
13.6000	13.9120	210.0000
13.2000	13.6830	125.0000
17.3000	17.3230	140.0000
12.8000	14.2520	210.0000
17.1000	17.1720	170.0000
14.2000	13.9950	22.5000
16.8000	16.9490	95.0000
12.1000	13.7560	245.0000
12.8000	14.5820	325.0000
13.1000	14.2420	160.0000
19.1000	19.0950	110.0000
18.2000	18.1930	150.0000
17.3000	17.3790	150.0000
13.5000	13.5930	150.0000
12.7000	13.9590	340.0000
16.2000	16.6090	95.0000
13.0000	13.9400	195.0000
15.5000	16.3720	40.0000
12.0000	13.6870	255.0000
15.7000	16.1660	65.0000
14.7000	13.8120	110.0000
13.9000	13.9330	35.0000
14.6000	13.8300	235.0000
13.3000	14.3640	150.0000
14.6000	13.6520	150.0000
15.2000	15.4660	22.5000
14.1000	13.8840	220.0000
13.3000	13.6770	155.0000
15.0000	14.1100	235.0000
14.3000	13.7580	275.0000
15.1000	13.8130	285.0000
16.3000	16.4000	145.0000
13.4000	14.4440	40.0000
19.4000	19.3820	265.0000
13.5000	13.5070	215.0000
14.4000	13.6120	175.0000
12.6000	14.1960	30.0000
14.2000	13.8360	210.0000
18.5000	18.4900	250.0000
12.2000	13.9280	165.0000
16.1000	16.4220	55.0000
12.4000	14.0900	35.0000
13.7000	13.5560	50.0000
14.4000	13.7480	70.0000
18.9000	18.8870	240.0000
18.7000	18.6290	65.0000
15.0000	13.5690	350.0000
18.3000	18.3340	240.0000
18.9000	18.9210	110.0000
12.2000	13.7870	265.0000
18.4000	18.3810	160.0000
17.7000	17.6570	135.0000
15.3000	15.0190	95.0000
16.6000	16.0120	300.0000
16.3000	16.4410	100.0000
18.0000	18.0180	110.0000
13.5000	13.8160	90.0000
17.4000	17.4210	120.0000
13.9000	13.5650	345.0000
19.4000	19.3800	260.0000
15.7000	14.2540	215.0000
12.3000	13.7150	200.0000
18.7000	18.7430	120.0000
15.7000	14.9820	150.0000
16.7000	16.2850	350.0000
15.7000	16.1910	60.0000
18.0000	17.9790	105.0000
17.3000	17.4000	200.0000
16.7000	16.7040	100.0000
13.6000	13.7870	90.0000
16.8000	16.8330	150.0000
17.2000	17.1100	235.0000
19.4000	19.3810	255.0000
19.0000	19.0580	140.0000
15.0000	14.3320	285.0000
18.6000	18.6380	85.0000
17.2000	17.2330	160.0000
18.1000	18.0930	100.0000
13.7000	13.6390	155.0000
14.3000	14.4190	45.0000
14.0000	13.7670	105.0000
18.8000	18.7840	240.0000
14.8000	14.1960	130.0000
13.9000	13.7120	255.0000
19.4000	19.3830	280.0000
17.2000	17.2360	195.0000
13.3000	13.7160	200.0000
16.5000	16.5590	200.0000
17.6000	17.7120	220.0000
17.9000	17.8940	185.0000
12.7000	14.1420	155.0000
13.7000	14.1320	290.0000
13.8000	14.4370	85.0000
14.2000	14.4980	120.0000
15.7000	15.8490	95.0000
14.8000	14.4200	65.0000
13.7000	13.8480	70.0000
17.9000	17.8250	145.0000
15.3000	15.6180	50.0000
12.5000	13.5660	210.0000
18.7000	18.6640	215.0000
19.0000	19.0340	185.0000
16.7000	16.7900	70.0000
18.9000	18.9030	185.0000
17.6000	17.5630	145.0000
18.4000	18.3860	250.0000
18.6000	18.6180	115.0000
12.3000	13.9520	30.0000
19.1000	19.1120	215.0000
17.5000	17.3300	325.0000
12.9000	13.6730	135.0000
14.0000	13.7040	310.0000
13.2000	13.8140	235.0000
18.4000	18.3770	210.0000
13.0000	14.2590	295.0000
18.3000	18.3170	180.0000
12.7000	13.6350	220.0000
17.7000	17.7310	140.0000
13.9000	13.7730	270.0000
14.0000	13.8210	215.0000
13.0000	13.8320	325.0000
13.0000	14.1290	45.0000
12.2000	13.8790	345.0000
17.3000	17.3640	125.0000
14.3000	13.7610	65.0000
16.8000	16.8750	175.0000
19.1000	18.5290	25.0000
18.1000	18.1560	235.0000
19.0000	18.9250	60.0000
15.6000	16.1860	70.0000
16.0000	16.2650	40.0000
14.4000	13.8410	285.0000
17.7000	17.6970	150.0000
17.6000	17.5320	155.0000
13.7000	13.8250	90.0000
14.2000	13.7790	310.0000
18.2000	18.2180	70.0000
18.2000	18.4290	355.0000
18.3000	18.1260	30.0000
18.5000	18.5770	90.0000
13.8000	14.4900	60.0000
13.1000	13.8770	70.0000
14.9000	14.2840	65.0000
18.7000	18.7060	90.0000
17.2000	17.2370	20.0000
19.2000	19.1930	295.0000
13.4000	13.5280	35.0000
13.5000	13.7620	210.0000
15.8000	14.9380	280.0000
13.4000	13.7720	150.0000
14.7000	13.8100	315.0000
17.3000	17.4640	180.0000
16.9000	16.8800	25.0000
14.0000	13.7390	335.0000
14.2000	14.4990	65.0000
14.1000	13.8110	180.0000
15.3000	13.8180	315.0000
14.7000	13.7450	105.0000
17.5000	17.5480	185.0000
13.3000	13.4560	45.0000
14.8000	14.4750	245.0000
17.0000	16.9930	250.0000
14.2000	13.9780	20.0000
17.3000	17.3330	245.0000
19.0000	19.0130	100.0000
14.9000	15.3690	40.0000
14.5000	13.6650	315.0000
18.6000	18.5690	240.0000
12.3000	14.1420	255.0000
16.7000	16.4700	315.0000
17.4000	17.2030	335.0000
12.2000	13.6550	90.0000
16.9000	16.7760	285.0000
15.1000	13.5870	325.0000
14.3000	13.7850	180.0000
14.2000	13.6430	295.0000
17.7000	17.3540	360.0000
12.9000	13.7270	20.0000
16.8000	16.5710	285.0000
14.6000	13.7370	340.0000
19.1000	18.9900	45.0000
18.0000	17.9960	180.0000
12.2000	14.0900	355.0000
15.9000	13.8980	350.0000
14.9000	13.9140	280.0000
15.4000	14.0270	170.0000
16.8000	16.7010	295.0000
17.1000	16.8930	330.0000
13.5000	13.7390	85.0000
13.9000	14.0910	165.0000
16.7000	16.8020	95.0000
16.7000	16.7480	230.0000
18.0000	17.8760	25.0000
16.1000	15.0720	225.0000
12.7000	14.2620	125.0000
15.5000	15.3160	75.0000
16.4000	16.0050	255.0000
17.2000	16.8710	360.0000
15.2000	15.7790	55.0000
18.6000	18.5810	225.0000
15.8000	14.2950	355.0000
19.2000	19.2430	95.0000
15.0000	13.7520	360.0000
18.8000	18.8370	340.0000
18.2000	18.2150	195.0000
12.9000	13.7810	115.0000
15.7000	14.5860	145.0000
17.6000	17.5510	175.0000
19.0000	19.0170	65.0000
12.8000	13.7710	20.0000
15.3000	14.6520	140.0000
12.3000	13.7490	220.0000
16.0000	16.0210	125.0000
12.4000	13.7420	205.0000
13.3000	14.0330	360.0000
14.1000	13.6500	165.0000
15.0000	13.9860	185.0000
12.4000	13.6190	175.0000
12.8000	14.2710	150.0000
18.9000	18.2180	25.0000
13.4000	13.6720	95.0000
13.7000	13.8670	100.0000
17.5000	17.6000	190.0000
16.3000	16.4440	80.0000
12.6000	13.7810	80.0000
14.4000	13.8330	60.0000
19.1000	19.1330	135.0000
15.8000	14.9870	275.0000
16.6000	16.2920	245.0000
12.1000	13.6200	20.0000
13.5000	13.6660	22.5000
14.5000	13.7150	25.0000
13.8000	13.6300	355.0000
19.1000	19.1230	120.0000
13.6000	14.1600	70.0000
14.6000	13.8930	255.0000
17.2000	17.3010	140.0000
19.3000	19.3000	135.0000
12.3000	13.4700	145.0000
13.3000	13.7030	115.0000
12.5000	13.5270	330.0000
12.5000	13.7280	65.0000
13.3000	13.7160	55.0000
12.6000	14.2420	55.0000
14.9000	14.0650	190.0000
12.7000	13.7550	185.0000
12.1000	13.8470	105.0000
15.3000	14.0740	340.0000
14.6000	13.6610	270.0000
19.3000	19.2890	330.0000
16.8000	16.9660	30.0000
14.8000	13.8100	285.0000
14.5000	13.6770	80.0000
18.3000	18.2930	185.0000
15.9000	16.4430	75.0000
18.3000	18.3180	235.0000
17.8000	17.7770	285.0000
16.3000	16.5020	45.0000
18.0000	17.9960	255.0000
12.4000	13.6380	155.0000
16.2000	16.4330	40.0000
14.9000	13.8240	360.0000
14.1000	13.8840	105.0000
16.7000	16.7410	190.0000
12.5000	13.6770	350.0000
15.2000	13.7550	260.0000
16.1000	15.6030	190.0000
14.7000	13.7150	260.0000
14.1000	14.0010	140.0000
17.7000	17.6580	255.0000
18.5000	18.5710	80.0000
12.5000	13.9410	285.0000
16.1000	15.9590	135.0000
19.0000	18.2960	20.0000
15.8000	16.1650	35.0000
14.3000	13.6130	325.0000
19.3000	19.3120	145.0000
12.5000	13.8040	22.5000
17.8000	17.8530	230.0000
17.1000	17.1300	100.0000
18.4000	18.3820	155.0000
16.9000	16.9310	85.0000
17.1000	16.9690	260.0000
18.1000	18.1730	80.0000
15.4000	13.7170	200.0000
13.0000	13.6510	135.0000
19.0000	19.0710	145.0000
18.1000	18.0960	310.0000
14.5000	14.1290	255.0000
18.8000	18.8620	125.0000
13.5000	13.6160	275.0000
16.5000	16.3450	110.0000
16.4000	16.5580	160.0000
18.7000	18.2070	20.0000
17.2000	17.2740	150.0000
14.6000	13.7290	55.0000
16.0000	15.2520	210.0000
13.0000	14.4350	305.0000
14.2000	13.8910	275.0000
15.5000	15.5440	70.0000
16.4000	15.9470	270.0000
15.8000	16.0630	95.0000
18.9000	18.9330	165.0000
18.7000	18.7040	170.0000
16.4000	16.6290	140.0000
12.2000	13.7310	300.0000
14.6000	13.7380	220.0000
17.7000	17.5720	335.0000
16.9000	16.5820	300.0000
17.4000	17.6020	55.0000
16.5000	16.6580	105.0000
17.0000	17.0250	85.0000
13.3000	13.4720	265.0000
16.2000	16.2340	195.0000
14.9000	13.8080	35.0000
18.5000	18.3850	340.0000
15.4000	14.9110	90.0000
13.8000	13.4820	185.0000
14.7000	14.1940	70.0000
12.9000	13.8250	65.0000
13.7000	13.7280	320.0000
19.1000	19.0830	250.0000
17.9000	17.8990	105.0000
13.2000	13.7660	265.0000
13.7000	13.7270	360.0000
12.6000	13.9650	305.0000
16.2000	15.6700	255.0000
15.4000	14.7610	110.0000
17.9000	17.9060	75.0000
18.2000	18.2700	240.0000
18.1000	18.0410	130.0000
14.4000	13.8200	170.0000
18.2000	18.2520	100.0000
13.0000	13.5800	220.0000
13.1000	13.7860	310.0000
13.4000	13.6680	280.0000
16.4000	14.2080	350.0000
17.8000	17.8720	255.0000
16.9000	16.9420	175.0000
14.6000	13.6680	115.0000
14.5000	13.8760	140.0000
16.0000	15.8020	205.0000
16.0000	16.2250	95.0000
13.9000	13.8150	275.0000
18.4000	18.3880	215.0000
16.7000	16.8810	105.0000
17.2000	16.9590	355.0000
12.8000	13.7840	340.0000
16.8000	16.2170	350.0000
12.7000	14.2570	265.0000
18.1000	18.1970	250.0000
16.6000	16.6610	195.0000
16.2000	16.4310	135.0000
16.1000	16.1410	20.0000
15.7000	16.1470	45.0000
18.3000	18.2800	310.0000
13.8000	14.3120	145.0000
15.9000	16.2270	155.0000
16.6000	16.1170	335.0000
19.2000	19.1980	285.0000
18.3000	18.3030	165.0000
16.0000	14.4000	285.0000
15.1000	14.1970	155.0000
14.0000	13.8330	225.0000
15.4000	14.4790	250.0000
12.3000	13.7450	330.0000
19.1000	18.4170	20.0000
16.5000	16.6910	145.0000
17.9000	17.9910	280.0000
18.6000	18.5760	235.0000
12.2000	13.6870	20.0000
15.0000	13.6120	250.0000
16.2000	16.2480	90.0000
12.2000	13.8140	140.0000
15.4000	14.1460	255.0000
13.4000	14.3700	55.0000
15.7000	16.3920	50.0000
18.9000	18.9520	160.0000
15.1000	14.8360	195.0000
14.3000	14.0450	225.0000
15.5000	15.4080	60.0000
18.3000	18.3410	355.0000
13.8000	13.7080	120.0000
16.0000	14.8160	235.0000
13.0000	13.6630	290.0000
16.9000	16.8480	115.0000
17.7000	17.7120	90.0000
14.4000	13.8560	135.0000
13.1000	13.7290	22.5000
17.3000	17.3490	90.0000
15.8000	16.3520	90.0000
12.5000	13.5610	300.0000
12.6000	14.0550	140.0000
12.7000	14.1830	285.0000
12.2000	13.7000	135.0000
18.1000	18.1960	270.0000
13.0000	14.7930	65.0000
16.2000	15.0960	225.0000
13.6000	13.7890	355.0000
16.4000	16.5430	85.0000
19.0000	19.0180	115.0000
15.5000	13.7270	320.0000
12.9000	13.8200	265.0000
19.3000	19.3080	115.0000
18.8000	18.8190	100.0000
18.3000	18.2980	305.0000
13.7000	13.7100	350.0000
12.1000	13.6910	110.0000
12.7000	14.2010	150.0000
15.4000	13.4840	315.0000
14.3000	13.6600	270.0000
13.8000	13.8890	35.0000
15.5000	13.9050	215.0000
12.3000	14.1360	125.0000
12.7000	13.6770	295.0000
15.4000	13.7740	155.0000
17.5000	17.4200	290.0000
19.0000	19.0010	235.0000
12.4000	13.9890	125.0000
17.3000	17.3170	30.0000
15.7000	16.1580	22.5000
14.0000	13.8440	75.0000
14.4000	14.1010	300.0000
17.2000	17.3140	70.0000
13.6000	13.6960	155.0000
16.9000	16.8610	22.5000
14.5000	13.7500	110.0000
12.1000	13.9680	180.0000
14.7000	14.1550	160.0000
17.4000	17.3800	255.0000
16.5000	16.5660	100.0000
16.4000	16.0900	210.0000
14.7000	13.6630	345.0000
19.2000	19.1760	325.0000
16.3000	16.2950	30.0000
18.4000	18.4310	85.0000
17.8000	17.7660	115.0000
12.9000	13.7260	315.0000
17.5000	17.5530	210.0000
12.5000	13.7730	200.0000
14.0000	13.9110	275.0000
14.5000	13.5280	345.0000
14.4000	13.6340	180.0000
13.7000	13.5820	325.0000
16.6000	16.6960	185.0000
14.8000	14.3940	240.0000
16.8000	16.6230	255.0000
16.0000	14.1730	280.0000
17.8000	17.9230	245.0000
18.3000	18.2970	65.0000
15.2000	13.9190	115.0000
13.6000	13.9350	95.0000
14.4000	13.6840	105.0000
15.9000	14.9920	200.0000
19.0000	19.0310	190.0000
15.1000	13.6380	310.0000
19.0000	18.9750	280.0000
18.3000	18.3110	315.0000
17.9000	17.7860	22.5000
18.6000	18.6210	120.0000
16.8000	16.8730	65.0000
17.7000	17.8640	205.0000
15.1000	14.2190	65.0000
16.9000	16.9790	160.0000
15.5000	13.9420	245.0000
13.9000	13.4870	100.0000
12.0000	13.8550	360.0000
18.8000	18.8450	140.0000
18.8000	18.8360	110.0000
16.6000	16.3370	265.0000
15.8000	15.0990	255.0000
14.5000	13.6890	320.0000
15.7000	14.1990	330.0000
12.1000	13.7760	350.0000
18.4000	18.3460	360.0000
17.5000	17.2820	350.0000
17.8000	17.6050	350.0000
16.3000	15.8160	165.0000
16.1000	14.8220	290.0000
18.5000	18.4910	185.0000
17.7000	17.7560	200.0000
18.7000	18.7230	130.0000
14.0000	13.7280	190.0000
18.1000	18.1680	210.0000
12.7000	13.6290	35.0000
16.5000	16.1000	230.0000
17.9000	17.9870	35.0000
13.1000	13.7810	225.0000
13.3000	13.4750	195.0000
15.5000	13.8040	310.0000
16.3000	14.6560	355.0000
12.2000	13.8580	170.0000
16.6000	16.5240	225.0000
13.0000	13.8630	150.0000
18.7000	18.6460	325.0000
17.8000	17.9300	195.0000
18.4000	18.4310	110.0000
12.2000	13.7630	315.0000
14.7000	13.7400	250.0000
12.8000	13.9850	245.0000
15.6000	15.0100	200.0000
12.7000	13.6970	260.0000
16.6000	16.7820	110.0000
17.4000	17.1000	345.0000
18.4000	18.5240	75.0000
12.1000	13.6600	195.0000
12.7000	13.6930	170.0000
13.6000	13.8720	50.0000
18.2000	18.2130	155.0000
15.2000	13.6780	275.0000
17.2000	17.0950	310.0000
15.5000	14.3410	265.0000
16.3000	16.4730	135.0000
12.5000	14.1250	30.0000
16.2000	16.4370	35.0000
17.1000	17.2820	175.0000
18.4000	18.4280	105.0000
12.2000	13.6710	195.0000
16.4000	16.2280	20.0000
15.5000	15.7830	35.0000
19.4000	19.3910	195.0000
13.3000	13.6410	130.0000
13.6000	14.1460	25.0000
18.9000	18.9440	135.0000
18.8000	18.7830	245.0000
12.1000	13.8370	130.0000
13.2000	13.8390	360.0000
13.8000	13.5820	240.0000
18.2000	18.2400	255.0000
14.7000	14.0210	22.5000
13.9000	13.7260	260.0000
13.1000	13.5440	195.0000
13.1000	14.1880	90.0000
12.3000	14.3950	130.0000
12.1000	13.8740	45.0000
15.2000	14.1360	85.0000
13.5000	13.6300	65.0000
14.2000	13.8380	70.0000
12.3000	14.2300	285.0000
16.3000	16.3080	75.0000
14.4000	13.8820	165.0000
18.8000	18.8320	95.0000
19.1000	19.0820	340.0000
16.2000	16.4780	110.0000
19.3000	19.2680	360.0000
16.3000	16.5360	40.0000
14.7000	14.1250	305.0000
13.9000	14.4990	45.0000
12.2000	13.8280	60.0000
12.8000	13.8620	70.0000
16.0000	13.8510	270.0000
18.6000	18.5690	305.0000
16.4000	15.5880	310.0000
12.2000	13.9370	335.0000
17.6000	17.5700	40.0000
18.5000	18.4880	235.0000
12.6000	13.6650	280.0000
16.5000	15.8450	300.0000
17.9000	17.9800	220.0000
13.4000	13.5660	225.0000
13.3000	13.7100	22.5000
16.9000	16.7360	215.0000
18.7000	18.6460	265.0000
18.3000	18.3210	90.0000
16.1000	16.4890	110.0000
14.3000	13.7460	90.0000
12.2000	13.9680	305.0000
15.9000	13.9430	315.0000
17.8000	17.6750	25.0000
17.7000	17.6680	280.0000
15.3000	13.6360	350.0000
12.5000	13.6900	225.0000
14.8000	13.4760	345.0000
16.2000	15.8530	190.0000
15.7000	14.4110	285.0000
16.5000	15.4110	345.0000
17.1000	17.1410	195.0000
12.9000	13.4000	335.0000
13.2000	13.8100	120.0000
12.6000	13.7250	220.0000
13.6000	14.1940	110.0000
12.4000	13.9330	22.5000
15.6000	14.2640	255.0000
16.9000	17.0130	165.0000
13.4000	14.0170	45.0000
16.3000	16.4320	200.0000
14.5000	13.9110	20.0000
12.2000	14.3020	255.0000
15.6000	13.6260	355.0000
12.6000	14.2270	230.0000
13.3000	13.8820	230.0000
16.4000	16.5490	60.0000
16.2000	15.8970	180.0000
15.1000	13.7880	225.0000
13.3000	13.8180	210.0000
15.3000	14.0490	300.0000
12.2000	14.4360	110.0000
12.0000	13.8400	220.0000
13.5000	13.8180	270.0000
16.1000	16.3720	80.0000
17.4000	17.4560	80.0000
18.9000	18.8780	280.0000
13.1000	13.8580	190.0000
12.1000	14.7750	275.0000
15.7000	13.6910	300.0000
14.8000	14.1090	310.0000
17.9000	17.9250	95.0000
14.0000	14.5470	205.0000
15.6000	13.8200	235.0000
15.1000	13.9850	100.0000
14.5000	13.7560	180.0000
15.7000	14.4850	160.0000
14.0000	13.7280	300.0000
12.2000	13.5760	150.0000
15.8000	14.3540	335.0000
13.0000	13.6440	120.0000
16.1000	16.4910	90.0000
17.3000	17.3570	20.0000
18.1000	18.0230	30.0000
17.4000	17.2830	275.0000
16.5000	16.6370	130.0000
16.7000	16.3280	305.0000
17.5000	17.4410	110.0000
12.0000	13.7280	175.0000
13.8000	13.5720	280.0000
14.8000	13.8410	325.0000
14.6000	14.1220	145.0000
12.6000	14.0190	120.0000
18.7000	18.6930	175.0000
13.6000	13.7280	80.0000
15.1000	13.7190	230.0000
13.1000	13.7970	170.0000
13.8000	14.1480	155.0000
15.4000	14.1280	345.0000
18.9000	18.8690	260.0000
18.1000	18.0140	110.0000
17.8000	17.7400	170.0000
16.6000	15.7080	350.0000
12.5000	13.6030	145.0000
16.0000	15.5230	135.0000
19.2000	19.1840	305.0000
16.7000	16.0090	340.0000
12.6000	13.8430	145.0000
15.0000	13.8890	110.0000
12.5000	14.1240	280.0000
19.4000	19.3940	190.0000
16.2000	16.5150	85.0000
18.5000	18.5490	45.0000
17.3000	17.1790	115.0000
14.7000	14.3270	185.0000
14.5000	13.6850	285.0000
12.5000	13.7200	180.0000
19.3000	19.3210	195.0000
17.7000	17.6590	125.0000
18.4000	18.4290	115.0000
17.2000	17.3340	165.0000
12.0000	13.8350	135.0000
15.4000	14.1780	330.0000
18.2000	18.2080	175.0000
15.8000	15.2280	110.0000
19.4000	19.3730	305.0000
15.1000	13.7590	145.0000
19.4000	19.2930	40.0000
16.5000	16.6470	115.0000
13.8000	13.8000	220.0000
13.9000	13.5120	360.0000
18.6000	18.5770	45.0000
14.4000	13.6580	350.0000
15.6000	15.3560	105.0000
16.5000	16.6180	175.0000
17.9000	17.9920	230.0000
19.0000	19.0100	110.0000
15.1000	14.0790	280.0000
14.7000	13.6970	140.0000
16.5000	16.2940	275.0000
14.7000	14.7870	325.0000
16.4000	15.6280	260.0000
16.0000	15.7770	150.0000
19.4000	19.3200	55.0000
13.1000	13.8030	130.0000
17.3000	17.4560	55.0000
14.6000	13.8990	135.0000
18.0000	18.1020	185.0000
13.5000	13.8380	40.0000
16.8000	16.7700	110.0000
12.3000	13.6640	275.0000
15.0000	13.6580	220.0000
14.7000	13.5260	125.0000
18.9000	18.8780	305.0000
18.2000	18.1670	315.0000
17.5000	17.6210	80.0000
18.2000	18.2000	235.0000
15.5000	14.2180	220.0000
16.1000	16.4000	60.0000
17.0000	17.1520	140.0000
13.2000	14.1770	35.0000
15.3000	13.7270	145.0000
13.4000	13.8270	210.0000
18.6000	18.5920	55.0000
17.4000	17.0930	330.0000
14.7000	13.6680	55.0000
13.6000	13.6900	180.0000
14.1000	13.7700	230.0000
13.5000	13.9990	255.0000
13.4000	14.1920	120.0000
15.8000	14.2480	285.0000
17.7000	17.7830	210.0000
17.3000	17.3880	60.0000
15.8000	15.7480	105.0000
18.0000	17.9310	160.0000
17.3000	17.1850	295.0000
13.3000	13.6850	325.0000
16.3000	16.3490	22.5000
18.2000	18.1940	320.0000
19.4000	19.3670	95.0000
17.8000	17.5810	355.0000
18.9000	18.8950	330.0000
18.2000	18.2340	190.0000
13.8000	13.7520	330.0000
15.2000	15.5170	65.0000
12.4000	13.8140	235.0000
12.3000	13.9700	50.0000
18.6000	18.5940	195.0000
14.6000	13.7600	120.0000
12.5000	13.7530	140.0000
15.9000	16.4310	85.0000
14.6000	13.5610	305.0000
18.6000	18.5750	270.0000
17.3000	17.4410	50.0000
16.6000	15.7280	355.0000
12.7000	13.9100	280.0000
15.3000	13.7870	335.0000
19.3000	19.2770	290.0000
16.5000	16.3780	210.0000
18.5000	18.5070	320.0000
14.0000	13.6990	20.0000
13.0000	13.5620	260.0000
16.8000	16.6520	260.0000
15.9000	15.5350	150.0000
14.3000	13.7450	255.0000
16.6000	16.6100	30.0000
15.1000	13.7520	210.0000
16.6000	16.7350	155.0000
18.8000	18.7960	220.0000
17.4000	17.5020	200.0000
19.2000	19.1940	235.0000
15.9000	14.4170	290.0000
19.3000	19.2280	100.0000
16.5000	16.5760	125.0000
19.0000	18.9710	70.0000
16.2000	15.6340	310.0000
13.9000	14.3510	305.0000
13.7000	13.7680	105.0000
12.5000	13.9000	70.0000
13.2000	14.1190	75.0000
19.3000	19.3080	250.0000
14.6000	13.6940	295.0000
13.8000	13.4540	45.0000
16.4000	16.3310	130.0000
14.5000	14.3840	190.0000
16.2000	16.5150	60.0000
18.1000	18.1850	75.0000
14.5000	13.7200	205.0000
15.9000	15.2530	175.0000
12.8000	13.8040	195.0000
19.0000	19.0060	180.0000
15.4000	14.5230	225.0000
15.0000	14.2950	210.0000
12.4000	14.9400	65.0000
15.2000	14.6290	50.0000
13.8000	13.8030	140.0000
14.3000	13.7670	350.0000
18.7000	18.6190	230.0000
12.2000	14.1810	85.0000
16.8000	16.5980	315.0000
13.2000	13.8200	45.0000
15.3000	13.7080	235.0000
19.0000	18.9520	40.0000
15.3000	15.1270	260.0000
13.4000	13.7430	330.0000
16.4000	16.5430	155.0000
18.7000	18.5870	280.0000
18.7000	18.6910	165.0000
13.7000	13.7250	205.0000
17.6000	17.6730	120.0000
15.7000	14.1800	175.0000
16.8000	16.5480	310.0000
19.2000	19.1140	50.0000
13.0000	13.8000	255.0000
15.3000	14.9050	90.0000
14.2000	14.0130	215.0000
18.5000	18.5430	70.0000
15.6000	14.9390	80.0000
12.0000	14.1730	340.0000
16.0000	14.3640	345.0000
16.3000	15.9350	195.0000
18.0000	17.9980	290.0000
15.2000	14.2900	120.0000
14.0000	13.8850	305.0000
13.5000	13.6230	285.0000
13.6000	13.6080	22.5000
17.8000	17.9430	180.0000
18.9000	18.9310	345.0000
14.0000	13.8120	265.0000
18.6000	18.5950	170.0000
15.2000	13.6840	230.0000
13.9000	13.6440	340.0000
19.2000	19.1730	265.0000
13.9000	13.5450	265.0000
12.1000	13.6420	320.0000
12.7000	13.7120	22.5000
19.0000	19.0710	125.0000
14.4000	14.2750	35.0000
17.1000	17.0740	250.0000
18.3000	18.2950	190.0000
12.2000	13.6270	130.0000
13.2000	14.0520	260.0000
13.2000	13.7730	60.0000
14.7000	13.8430	300.0000
13.4000	13.6850	100.0000
16.6000	16.7790	70.0000
16.5000	16.6620	160.0000
14.2000	13.6350	115.0000
14.4000	14.0590	315.0000
18.0000	17.9470	120.0000
13.6000	13.6220	75.0000
13.3000	13.9990	215.0000
14.2000	13.7320	330.0000
13.1000	14.2540	80.0000
16.7000	16.5600	260.0000
16.5000	15.8790	310.0000
19.1000	19.0870	275.0000
12.9000	14.1110	205.0000
14.6000	14.1070	335.0000
18.6000	18.5800	200.0000
15.0000	13.8490	90.0000
18.4000	18.3930	290.0000
16.0000	16.0390	130.0000
14.7000	14.2860	75.0000
15.7000	15.1490	155.0000
15.1000	14.3340	165.0000
19.1000	19.0900	290.0000
15.3000	14.1510	190.0000
13.5000	13.7660	300.0000
12.2000	13.6350	340.0000
18.6000	18.5860	245.0000
13.2000	13.7100	190.0000
18.8000	18.7030	45.0000
17.6000	17.5470	130.0000
18.7000	18.6870	190.0000
14.1000	13.8070	30.0000
14.5000	13.8070	100.0000
16.6000	16.6160	22.5000
19.2000	19.1950	270.0000
14.2000	13.7560	180.0000
18.3000	18.3090	170.0000
12.5000	13.9010	50.0000
18.5000	18.5760	85.0000
14.9000	13.7410	220.0000
15.3000	14.4510	75.0000
16.3000	14.7830	300.0000
17.8000	17.7580	125.0000
14.3000	13.6630	240.0000
15.0000	13.6260	310.0000
16.5000	16.2200	290.0000
17.1000	16.6020	240.0000
12.4000	13.6750	290.0000
15.9000	13.6560	310.0000
14.2000	13.5770	245.0000
14.8000	13.8950	280.0000
17.9000	17.7870	335.0000
17.2000	17.2700	170.0000
16.7000	16.2870	275.0000
16.8000	16.8290	210.0000
15.0000	13.7660	245.0000
17.0000	16.5150	355.0000
12.7000	13.8220	110.0000
17.4000	17.5240	50.0000
16.4000	16.6580	110.0000
13.5000	14.0150	140.0000
16.3000	16.2430	140.0000
13.8000	13.7810	245.0000
12.7000	14.0430	230.0000
13.8000	14.2670	170.0000
13.7000	14.2320	245.0000
14.1000	14.1730	320.0000
17.7000	17.6020	40.0000
14.9000	15.1600	45.0000
12.9000	13.8480	90.0000
15.0000	13.5460	120.0000
17.7000	17.7680	235.0000
18.3000	18.3320	275.0000
12.6000	13.7840	355.0000
14.2000	14.0200	140.0000
15.2000	13.6820	315.0000
16.1000	14.9080	315.0000
14.3000	13.8430	330.0000
16.3000	15.5100	295.0000
15.7000	14.1230	260.0000
15.9000	15.1240	215.0000
16.9000	17.0250	50.0000
12.6000	13.7800	150.0000
18.8000	18.8610	130.0000
16.7000	16.9110	35.0000
15.2000	14.0310	100.0000
19.4000	19.3750	300.0000
16.1000	16.4370	75.0000
15.6000	13.7730	315.0000
15.2000	14.4080	175.0000
15.4000	14.8690	85.0000
18.9000	18.9480	145.0000
18.8000	18.8070	205.0000
17.1000	17.2620	45.0000
17.8000	17.7290	300.0000
17.2000	17.1800	220.0000
14.6000	13.9450	70.0000
15.3000	13.9800	150.0000
17.9000	17.9820	250.0000
18.0000	18.0360	265.0000
12.5000	13.6640	115.0000
15.2000	14.7650	155.0000
18.9000	18.8630	275.0000
17.1000	17.0290	190.0000
17.0000	17.0220	25.0000
15.3000	14.3740	125.0000
14.0000	13.9470	110.0000
13.5000	14.0850	135.0000
15.7000	13.7930	250.0000
18.4000	18.3850	255.0000
17.1000	17.0020	270.0000
13.3000	13.7890	140.0000
14.6000	13.8830	210.0000
12.8000	13.5280	230.0000
16.3000	14.7250	330.0000
15.6000	14.1900	175.0000
13.6000	13.5710	240.0000
17.3000	17.3890	25.0000
17.3000	17.0900	305.0000
16.5000	15.9920	205.0000
18.8000	18.8120	320.0000
16.9000	16.5440	335.0000
14.3000	13.5610	250.0000
15.9000	15.6180	135.0000
17.9000	17.8270	80.0000
15.8000	16.1200	45.0000
14.9000	13.7140	330.0000
15.1000	13.8010	275.0000
17.6000	17.4560	330.0000
16.1000	15.6030	205.0000
17.7000	17.8020	65.0000
12.1000	14.0580	95.0000
12.6000	13.9610	210.0000
12.0000	13.8700	335.0000
19.4000	19.3720	290.0000
18.7000	18.6550	225.0000
17.5000	17.4680	40.0000
15.7000	13.8900	265.0000
12.4000	13.8470	310.0000
16.7000	16.7900	175.0000
17.2000	17.0900	300.0000
14.5000	13.7450	120.0000
12.3000	14.0220	170.0000
13.6000	13.8470	300.0000
15.2000	13.9260	320.0000
14.7000	13.6370	295.0000
18.6000	18.6460	80.0000
18.9000	18.8380	45.0000
19.1000	19.1220	175.0000
14.0000	13.7760	140.0000
14.9000	13.7530	340.0000
15.6000	16.3300	55.0000
17.7000	17.8010	195.0000
18.4000	18.3690	175.0000
14.8000	13.8260	120.0000
16.8000	16.7070	140.0000
16.4000	15.2290	320.0000
19.2000	19.2100	155.0000
12.6000	13.7700	225.0000
19.3000	19.3090	170.0000
17.3000	17.2860	260.0000
12.3000	13.6470	75.0000
13.4000	13.9590	230.0000
18.4000	18.4140	265.0000
14.1000	13.5340	265.0000
19.1000	19.1170	230.0000
18.5000	18.5440	55.0000
16.6000	16.7260	55.0000
16.0000	14.2780	245.0000
13.9000	14.0820	200.0000
13.8000	13.8670	215.0000
19.2000	19.2070	215.0000
13.8000	13.7470	325.0000
16.8000	16.9510	165.0000
12.9000	13.7880	60.0000
12.9000	13.6930	260.0000
18.6000	18.5850	220.0000
19.3000	19.2860	310.0000
13.4000	13.7500	355.0000
16.0000	14.5180	315.0000
17.9000	17.8790	150.0000
18.2000	18.1830	290.0000
12.4000	13.7790	165.0000
17.4000	17.4130	95.0000
17.4000	17.5170	205.0000
15.7000	14.1920	280.0000
19.0000	18.9890	330.0000
13.3000	13.7670	225.0000
17.6000	17.1080	360.0000
18.1000	18.0980	320.0000
19.2000	19.2080	205.0000
14.2000	13.6930	260.0000
18.8000	18.7270	295.0000
14.0000	13.9910	40.0000
18.2000	18.2420	260.0000
14.4000	13.9740	110.0000
15.1000	13.6890	215.0000
13.9000	13.6450	40.0000
13.8000	13.7000	210.0000
16.0000	16.3220	60.0000
18.7000	18.7390	110.0000
14.0000	13.7530	60.0000
17.2000	16.8680	350.0000
13.9000	14.1110	195.0000
13.5000	13.9940	145.0000
16.8000	16.7580	225.0000
19.2000	19.1760	275.0000
15.3000	15.7580	25.0000
18.1000	17.9780	360.0000
17.6000	17.6970	170.0000
12.1000	13.6450	240.0000
18.8000	18.8350	150.0000
17.7000	17.6670	265.0000
13.1000	13.9110	140.0000
18.7000	18.8130	350.0000
17.1000	16.8910	315.0000
16.1000	14.4940	350.0000
15.1000	14.3890	270.0000
17.1000	17.3240	135.0000
12.7000	14.1700	325.0000
13.4000	13.7070	60.0000
17.5000	17.5420	175.0000
18.3000	18.3240	155.0000
12.3000	13.8420	310.0000
16.9000	16.9160	95.0000
19.1000	19.0760	360.0000
18.7000	18.7200	150.0000
13.3000	14.0460	320.0000
15.8000	14.4360	230.0000
17.8000	17.8670	110.0000
18.8000	18.8610	115.0000
18.9000	18.9180	170.0000
16.0000	15.4340	250.0000
15.1000	13.8630	245.0000
18.4000	18.3660	180.0000
13.5000	13.8590	165.0000
16.1000	14.2220	285.0000
15.9000	13.9220	205.0000
18.4000	18.4110	335.0000
18.0000	18.0570	40.0000
15.1000	14.2410	295.0000
13.2000	13.7400	20.0000
17.3000	17.3510	120.0000
14.3000	13.8320	340.0000
12.1000	14.0880	40.0000
12.5000	13.6230	20.0000
17.0000	16.4880	325.0000
18.4000	18.3810	195.0000
16.4000	14.8630	340.0000
17.3000	17.1980	285.0000
18.1000	18.1630	65.0000
14.8000	14.2490	180.0000
15.4000	14.7330	115.0000
18.3000	18.3140	210.0000
13.2000	14.0540	80.0000
14.9000	13.7140	80.0000
15.4000	15.4050	45.0000
13.4000	13.7900	345.0000
17.2000	17.2480	100.0000
14.1000	13.7320	250.0000
15.6000	14.6990	125.0000
19.0000	18.9530	255.0000
14.9000	13.9680	85.0000
18.5000	18.4540	355.0000
16.7000	16.8670	90.0000
18.5000	18.4590	270.0000
15.2000	13.7660	215.0000
17.4000	17.4010	195.0000
12.8000	14.1890	200.0000
17.8000	17.7780	165.0000
16.7000	16.7780	170.0000
16.4000	16.3160	195.0000
13.8000	14.6080	135.0000
19.1000	19.1130	165.0000
17.6000	17.6550	230.0000
15.7000	13.8190	305.0000
15.0000	14.0100	100.0000
17.0000	17.1190	145.0000
13.5000	14.2590	290.0000
17.6000	17.6300	240.0000
19.1000	19.0810	90.0000
12.3000	13.8370	195.0000
19.3000	19.3130	240.0000
17.8000	17.7950	60.0000
18.1000	18.0560	125.0000
16.2000	16.4240	30.0000
15.0000	13.8120	355.0000
13.2000	13.9290	160.0000
12.0000	14.0400	45.0000
13.3000	13.6880	205.0000
14.6000	13.9550	40.0000
13.6000	13.6110	65.0000
12.5000	13.5030	90.0000
19.1000	19.0690	320.0000
13.5000	13.7600	205.0000
13.2000	14.5380	285.0000
18.9000	18.8920	215.0000
15.8000	14.7150	180.0000
12.4000	14.0580	160.0000
15.7000	15.2890	70.0000
13.9000	14.3670	310.0000
16.0000	16.3500	90.0000
17.7000	17.6850	130.0000
14.8000	14.1070	315.0000
15.3000	14.5740	110.0000
16.4000	16.1200	215.0000
19.2000	19.2240	195.0000
19.4000	19.3830	125.0000
14.1000	13.7900	120.0000
13.1000	13.5750	180.0000
17.4000	17.4900	210.0000
17.4000	17.3000	300.0000
17.2000	17.1980	225.0000
13.4000	13.7370	335.0000
19.0000	18.9820	250.0000
12.1000	13.7720	325.0000
14.8000	13.7750	230.0000
13.3000	13.6990	250.0000
17.1000	17.1710	200.0000
13.6000	13.5180	60.0000
14.1000	13.6310	175.0000
19.1000	19.0640	35.0000
15.6000	16.0160	45.0000
16.4000	16.7080	100.0000
15.8000	15.2120	185.0000
15.0000	13.9820	340.0000
15.8000	16.3140	70.0000
13.5000	14.3190	230.0000
12.5000	13.8950	325.0000
14.8000	13.8300	190.0000
13.2000	13.5920	245.0000
17.6000	17.5990	90.0000
15.8000	14.9660	125.0000
15.1000	13.8530	95.0000
17.7000	17.8180	190.0000
13.1000	13.9150	275.0000
17.1000	17.1530	150.0000
13.3000	13.8770	185.0000
17.8000	17.7950	200.0000
12.4000	13.7470	250.0000
13.0000	14.3230	300.0000
15.4000	15.7260	50.0000
13.0000	13.4960	275.0000
16.9000	16.7980	20.0000
15.1000	13.6020	115.0000
19.2000	19.2050	225.0000
13.7000	13.6620	230.0000
14.6000	14.2580	175.0000
18.1000	18.2070	255.0000
16.7000	16.7440	140.0000
16.2000	15.7930	210.0000
17.1000	16.9100	295.0000
12.4000	14.1390	215.0000
16.3000	14.3330	360.0000
16.9000	16.7790	230.0000
18.9000	18.8990	220.0000
14.4000	14.2480	100.0000
16.0000	15.8350	185.0000
15.8000	15.4630	170.0000
16.1000	16.4170	40.0000
14.1000	13.9090	60.0000
16.6000	16.4700	250.0000
12.1000	13.6980	190.0000
19.0000	18.9810	45.0000
15.7000	14.6090	105.0000
12.8000	13.8870	310.0000
15.8000	16.0360	115.0000
16.3000	16.2290	190.0000
16.9000	16.5600	330.0000
18.1000	18.0440	175.0000
15.9000	16.0720	25.0000
15.9000	16.2440	70.0000
17.6000	17.6850	100.0000
15.4000	14.3510	185.0000
14.0000	13.5540	145.0000
18.6000	18.5590	40.0000
13.0000	13.7710	340.0000
16.8000	16.8550	90.0000
12.3000	14.0730	245.0000
15.0000	13.9050	295.0000
17.1000	17.1320	115.0000
18.8000	18.8600	355.0000
13.9000	13.5860	120.0000
13.5000	13.7020	50.0000
13.4000	13.8040	205.0000
12.8000	13.7880	145.0000
15.2000	13.7160	250.0000
17.3000	17.3090	75.0000
13.8000	13.7220	315.0000
14.9000	13.5680	130.0000
14.1000	14.1680	75.0000
18.5000	18.4750	290.0000
18.1000	18.0800	115.0000
12.8000	13.8230	35.0000
17.2000	17.2590	230.0000
16.5000	16.5940	65.0000
15.6000	14.0570	260.0000
17.3000	17.0170	340.0000
13.8000	13.7570	225.0000
15.5000	13.5060	335.0000
12.4000	13.8550	85.0000
14.3000	13.9370	205.0000
13.9000	14.7480	22.5000
16.0000	15.3570	240.0000
18.1000	18.0550	145.0000
15.7000	13.9540	335.0000
15.6000	15.5250	120.0000
14.6000	14.0700	95.0000
14.3000	13.9090	55.0000
17.8000	17.7580	275.0000
17.5000	17.5680	55.0000
14.1000	14.1440	170.0000
18.8000	18.7950	265.0000
14.5000	13.6110	325.0000
14.8000	13.5710	85.0000
15.4000	14.6010	235.0000
14.9000	13.7070	230.0000
14.2000	14.2320	360.0000
16.9000	16.5210	360.0000
12.7000	13.6450	105.0000
15.9000	14.9170	260.0000
16.1000	14.0090	325.0000
18.4000	18.0630	20.0000
18.3000	18.2960	195.0000
17.2000	17.0260	210.0000
16.8000	16.8500	130.0000
18.3000	18.2110	50.0000
17.6000	17.6800	55.0000
16.1000	15.1190	270.0000
14.5000	13.8280	30.0000
16.3000	14.5060	325.0000
17.1000	16.9470	305.0000
14.0000	14.1900	245.0000
15.5000	14.8440	205.0000
19.2000	19.1750	350.0000
15.7000	13.8910	255.0000
14.6000	14.2250	355.0000
19.1000	19.1270	235.0000
16.7000	16.8450	165.0000
14.9000	14.5110	275.0000
15.2000	14.3670	90.0000
16.7000	16.5140	325.0000
15.8000	14.0800	345.0000
12.4000	13.8550	30.0000
18.0000	18.0850	235.0000
18.5000	18.5340	140.0000
14.2000	13.9360	85.0000
15.2000	15.1170	30.0000
17.2000	17.3480	200.0000
13.3000	13.8740	60.0000
14.1000	13.5060	345.0000
16.2000	16.3700	165.0000
15.2000	13.7970	135.0000
15.3000	13.6140	270.0000
12.8000	13.9280	180.0000
18.2000	18.1900	60.0000
19.4000	19.3800	275.0000
14.6000	13.7900	245.0000
12.0000	13.7000	200.0000
15.6000	14.2170	320.0000
18.2000	18.2280	245.0000
15.4000	15.9400	20.0000
14.0000	14.2530	115.0000
15.8000	15.2620	175.0000
15.8000	13.7740	325.0000
18.4000	18.5310	65.0000
13.4000	14.2330	295.0000
16.1000	16.2840	115.0000
18.1000	18.1720	225.0000
16.8000	16.9070	45.0000
18.4000	18.3750	170.0000
18.3000	18.3230	100.0000
15.9000	14.6100	240.0000
15.4000	15.8210	22.5000
17.7000	17.6310	295.0000
13.4000	13.6360	300.0000
12.4000	13.8060	300.0000
14.1000	13.6450	305.0000
19.4000	19.3820	320.0000
16.1000	15.7720	230.0000
12.3000	13.7490	22.5000
14.4000	13.7500	290.0000
13.7000	13.8890	255.0000
17.3000	17.0220	320.0000
14.8000	13.9320	220.0000
19.2000	19.2060	250.0000
17.9000	18.0500	210.0000
15.7000	14.9650	180.0000
14.8000	13.5870	105.0000
19.3000	19.3110	215.0000
15.8000	16.3500	50.0000
15.6000	14.2610	325.0000
16.7000	16.7040	115.0000
17.8000	17.8270	130.0000
17.5000	17.4580	250.0000
12.6000	13.9410	95.0000
12.1000	13.5260	25.0000
16.0000	16.2650	155.0000
13.8000	14.0200	350.0000
12.9000	13.6890	160.0000
12.4000	14.1180	245.0000
18.9000	18.8850	290.0000
14.8000	13.6760	185.0000
17.2000	17.1790	205.0000
13.3000	13.7750	295.0000
14.2000	13.6180	200.0000
12.0000	13.7330	155.0000
17.8000	17.8270	120.0000
18.3000	18.3320	105.0000
19.4000	19.3700	115.0000
17.6000	17.6490	200.0000
14.8000	14.1910	165.0000
12.8000	13.7240	125.0000
16.1000	16.1640	160.0000
18.8000	18.7950	230.0000
14.0000	13.8120	200.0000
13.1000	13.8060	150.0000
13.0000	14.2690	55.0000
18.1000	18.1440	275.0000
15.2000	13.4270	305.0000
16.3000	15.9710	270.0000
13.0000	13.7410	40.0000
19.3000	19.3050	155.0000
17.4000	17.4710	35.0000
16.9000	16.7860	235.0000
17.2000	17.3640	190.0000
12.7000	13.5980	240.0000
12.2000	13.9310	22.5000
14.2000	14.2340	50.0000
15.3000	14.5270	55.0000
17.7000	17.6490	22.5000
14.3000	13.7490	335.0000
13.2000	13.7980	200.0000
18.3000	18.2820	175.0000
18.8000	18.7120	300.0000
16.5000	16.7120	35.0000
19.0000	19.0010	355.0000
16.2000	14.5480	330.0000
13.4000	14.4550	265.0000
15.3000	14.1700	105.0000
13.0000	14.0640	285.0000
13.1000	13.7980	285.0000
16.5000	15.8810	325.0000
17.5000	17.5180	125.0000
17.8000	17.8210	100.0000
12.3000	13.6880	105.0000
16.6000	16.7990	150.0000
18.8000	18.8400	120.0000
17.2000	17.1590	90.0000
15.5000	14.9740	150.0000
17.2000	17.1260	270.0000
16.6000	16.3080	240.0000
15.3000	15.3070	45.0000
17.4000	17.4040	235.0000
13.7000	14.1460	22.5000
16.2000	14.4270	340.0000
18.9000	18.9150	335.0000
12.7000	13.6660	310.0000
15.1000	13.8290	320.0000
16.6000	16.8280	105.0000
12.9000	13.7000	250.0000
14.5000	13.5590	220.0000
16.3000	16.3980	50.0000
16.3000	14.7190	345.0000
12.0000	13.7400	160.0000
16.9000	17.1030	105.0000
15.6000	13.9730	265.0000
14.1000	13.7480	235.0000
16.5000	16.7590	75.0000
13.1000	13.8000	205.0000
17.7000	17.7540	180.0000
17.4000	17.5010	40.0000
18.3000	18.2610	340.0000
13.5000	13.7540	335.0000
19.4000	19.3600	335.0000
17.3000	17.4690	175.0000
18.0000	18.0280	85.0000
12.5000	14.2160	260.0000
12.4000	13.8140	335.0000
18.8000	18.7190	270.0000
17.9000	17.7880	50.0000
18.7000	18.7620	125.0000
15.1000	14.2850	90.0000
15.6000	13.8770	300.0000
14.5000	13.7560	160.0000
13.8000	14.6350	25.0000
15.7000	14.2100	245.0000
18.4000	18.3750	330.0000
18.2000	18.2470	80.0000
18.1000	18.1460	190.0000
12.1000	14.3800	335.0000
18.1000	18.0740	325.0000
13.0000	13.6340	200.0000
14.7000	13.6640	180.0000
19.2000	19.1450	340.0000
17.8000	17.7080	290.0000
16.8000	16.3070	335.0000
13.2000	13.8820	255.0000
17.9000	17.8130	60.0000
14.4000	14.9580	120.0000
14.2000	13.7570	30.0000
16.0000	16.2560	50.0000
18.0000	18.0510	230.0000
17.3000	17.3670	35.0000
12.2000	13.7770	200.0000
13.6000	13.7630	250.0000
13.6000	13.6160	85.0000
12.1000	14.2950	225.0000
18.0000	17.9880	75.0000
18.1000	18.1430	245.0000
16.3000	16.4380	35.0000
16.0000	13.6410	340.0000
12.7000	13.5530	100.0000
12.4000	13.8100	145.0000
12.8000	13.6950	220.0000
19.3000	19.2250	40.0000
16.0000	16.4590	70.0000
15.6000	16.0580	25.0000
12.5000	13.9520	345.0000
19.1000	19.1110	265.0000
13.4000	14.3570	170.0000
17.7000	17.6350	275.0000
16.9000	16.8570	195.0000
16.4000	15.4080	325.0000
13.1000	13.8300	95.0000
18.0000	18.0500	260.0000
12.0000	13.5030	225.0000
15.0000	14.1800	305.0000
13.9000	13.7330	355.0000
12.6000	13.7080	175.0000
15.6000	14.1250	195.0000
12.1000	14.2840	90.0000
16.3000	14.5080	340.0000
17.6000	17.6210	255.0000
19.2000	19.1850	110.0000
18.8000	18.8430	90.0000
16.8000	17.0790	100.0000
16.8000	16.9250	135.0000
15.6000	14.2550	180.0000
12.1000	13.6970	355.0000
19.2000	19.2360	85.0000
12.1000	14.0730	65.0000
16.2000	16.5750	115.0000
17.4000	17.3720	170.0000
18.0000	17.8630	22.5000
13.1000	14.2600	125.0000
16.6000	15.8550	320.0000
